# This file was generated by Animated Java via MC-Build. It is not recommended to edit this file directly.
$data merge entity $(bone_head) {transformation: [-1.0004f,0.0332f,-0.0185f,0.8947f,0.023f,0.9162f,0.4028f,1.7326f,0.0303f,0.4021f,-0.9163f,0.4332f,0f,0f,0f,1f],start_interpolation: 0,interpolation_duration: 1}
$data merge entity $(bone_right_arm1) {transformation: [-0.2195f,0.2576f,-0.9422f,0.5418f,0.7933f,0.6104f,-0.018f,1.5579f,0.5698f,-0.7506f,-0.3379f,0.0195f,0f,0f,0f,1f],start_interpolation: 0,interpolation_duration: 1}
$data merge entity $(bone_left_arm1) {transformation: [-0.9148f,-0.0508f,-0.4036f,1.2448f,0.375f,0.2795f,-0.8852f,1.4584f,0.1576f,-0.96f,-0.2364f,0.2672f,0f,0f,0f,1f],start_interpolation: 0,interpolation_duration: 1}
$data merge entity $(bone_body) {transformation: [-0.9714f,0.0263f,0.2408f,0.875f,0.1372f,0.8798f,0.4576f,1.0728f,-0.1996f,0.477f,-0.8573f,0.0755f,0f,0f,0f,1f],start_interpolation: 0,interpolation_duration: 1}
$data merge entity $(bone_left_leg) {transformation: [-0.9609f,0.0883f,-0.2666f,1.0737f,-0.0365f,0.903f,0.4308f,1.0698f,0.2784f,0.4232f,-0.8635f,0.2166f,0f,0f,0f,1f],start_interpolation: 0,interpolation_duration: 1}
$data merge entity $(bone_right_leg) {transformation: [-0.9921f,-0.0657f,0.1166f,0.7248f,0.0146f,0.8139f,0.5827f,1.0571f,-0.1331f,0.5792f,-0.8057f,0.2319f,0f,0f,0f,1f],start_interpolation: 0,interpolation_duration: 1}
$data merge entity $(bone_right_arm2) {transformation: [0f,0f,0f,0.1085f,0f,0f,0f,1.37f,0f,0f,0f,-0.1435f,0f,0f,0f,1f],start_interpolation: 0,interpolation_duration: 1}
$data merge entity $(bone_right_arm3) {transformation: [0f,0f,0f,0.2336f,0f,0f,0f,1.1823f,0f,0f,0f,0.0442f,0f,0f,0f,1f],start_interpolation: 0,interpolation_duration: 1}
$data merge entity $(bone_right_arm4) {transformation: [0f,0f,0f,0.3588f,0f,0f,0f,1.6203f,0f,0f,0f,-0.2061f,0f,0f,0f,1f],start_interpolation: 0,interpolation_duration: 1}
$data merge entity $(bone_left_arm2) {transformation: [0f,0f,0f,1.3756f,0f,0f,0f,1.323f,0f,0f,0f,0.2632f,0f,0f,0f,1f],start_interpolation: 0,interpolation_duration: 1}
$data merge entity $(bone_left_arm3) {transformation: [0f,0f,0f,1.1879f,0f,0f,0f,1.4482f,0f,0f,0f,0.5135f,0f,0f,0f,1f],start_interpolation: 0,interpolation_duration: 1}
$data merge entity $(bone_left_arm4) {transformation: [0f,0f,0f,1.4381f,0f,0f,0f,1.6985f,0f,0f,0f,0.3257f,0f,0f,0f,1f],start_interpolation: 0,interpolation_duration: 1}
data modify entity @s data merge value {"cameras":{},"locators":{"right_arm":{"px":0.36710460945916457,"py":1.226015210737334,"pz":0.5241965101046316,"ry":289.7317116887289,"rx":-1.0280856950746018},"left_arm":{"px":1.3336821708103588,"py":1.2602999679133962,"pz":0.8573273258783889,"ry":300.36254252935146,"rx":-62.149209979851435}}}