# This file was generated by Animated Java via MC-Build. It is not recommended to edit this file directly.
$data merge entity $(bone_head) {transformation: [-1.0008f,0.0146f,-0.0074f,0.8839f,0.0106f,0.9204f,0.3932f,1.7381f,0.0126f,0.3931f,-0.9205f,0.4286f,0f,0f,0f,1f],start_interpolation: 0,interpolation_duration: 1}
$data merge entity $(bone_right_arm1) {transformation: [-0.3232f,0.2183f,-0.9219f,0.5259f,0.7736f,0.6231f,-0.1236f,1.5634f,0.5469f,-0.7523f,-0.3699f,0.06f,0f,0f,0f,1f],start_interpolation: 0,interpolation_duration: 1}
$data merge entity $(bone_left_arm1) {transformation: [-0.8696f,-0.0546f,-0.4927f,1.2372f,0.4354f,0.3914f,-0.8119f,1.4816f,0.2369f,-0.9196f,-0.3163f,0.1583f,0f,0f,0f,1f],start_interpolation: 0,interpolation_duration: 1}
$data merge entity $(bone_body) {transformation: [-0.996f,0.0119f,0.0986f,0.875f,0.0569f,0.8833f,0.4674f,1.0757f,-0.0815f,0.4707f,-0.8796f,0.0756f,0f,0f,0f,1f],start_interpolation: 0,interpolation_duration: 1}
$data merge entity $(bone_left_leg) {transformation: [-0.9616f,0.0876f,-0.2639f,1.0733f,-0.0362f,0.9026f,0.4313f,1.0735f,0.2756f,0.4239f,-0.8639f,0.2166f,0f,0f,0f,1f],start_interpolation: 0,interpolation_duration: 1}
$data merge entity $(bone_right_leg) {transformation: [-0.992f,-0.0685f,0.115f,0.7249f,0.0146f,0.7997f,0.6018f,1.06f,-0.1331f,0.5981f,-0.7916f,0.232f,0f,0f,0f,1f],start_interpolation: 0,interpolation_duration: 1}
$data merge entity $(bone_right_arm2) {transformation: [0f,0f,0f,0.1086f,0f,0f,0f,1.3728f,0f,0f,0f,-0.1434f,0f,0f,0f,1f],start_interpolation: 0,interpolation_duration: 1}
$data merge entity $(bone_right_arm3) {transformation: [0f,0f,0f,0.2338f,0f,0f,0f,1.1852f,0f,0f,0f,0.0443f,0f,0f,0f,1f],start_interpolation: 0,interpolation_duration: 1}
$data merge entity $(bone_right_arm4) {transformation: [0f,0f,0f,0.3589f,0f,0f,0f,1.6231f,0f,0f,0f,-0.206f,0f,0f,0f,1f],start_interpolation: 0,interpolation_duration: 1}
$data merge entity $(bone_left_arm2) {transformation: [0f,0f,0f,1.3755f,0f,0f,0f,1.3259f,0f,0f,0f,0.2632f,0f,0f,0f,1f],start_interpolation: 0,interpolation_duration: 1}
$data merge entity $(bone_left_arm3) {transformation: [0f,0f,0f,1.1878f,0f,0f,0f,1.451f,0f,0f,0f,0.5135f,0f,0f,0f,1f],start_interpolation: 0,interpolation_duration: 1}
$data merge entity $(bone_left_arm4) {transformation: [0f,0f,0f,1.438f,0f,0f,0f,1.7013f,0f,0f,0f,0.3258f,0f,0f,0f,1f],start_interpolation: 0,interpolation_duration: 1}
data modify entity @s data merge value {"cameras":{},"locators":{"right_arm":{"px":0.36923978227935467,"py":1.2223201280548346,"pz":0.5643539491120763,"ry":291.86377013278627,"rx":-7.0943180263896695},"left_arm":{"px":1.3256699154683966,"py":1.2097902538569105,"pz":0.7183031260253241,"ry":302.7014734386918,"rx":-54.20347995974898}}}