# This file was generated by Animated Java via MC-Build. It is not recommended to edit this file directly.
$data merge entity $(bone_head) {transformation: [-1.0008f,0f,0f,0.875f,0f,0.9246f,0.383f,1.7443f,0f,0.383f,-0.9246f,0.4217f,0f,0f,0f,1f],start_interpolation: 0,interpolation_duration: 1}
$data merge entity $(bone_right_arm1) {transformation: [-0.3955f,0.1878f,-0.8999f,0.5153f,0.7455f,0.6388f,-0.1944f,1.568f,0.5379f,-0.7472f,-0.3923f,0.0831f,0f,0f,0f,1f],start_interpolation: 0,interpolation_duration: 1}
$data merge entity $(bone_left_arm1) {transformation: [-0.8346f,-0.0463f,-0.5503f,1.219f,0.4768f,0.4428f,-0.7604f,1.4981f,0.2787f,-0.8963f,-0.3472f,0.0819f,0f,0f,0f,1f],start_interpolation: 0,interpolation_duration: 1}
$data merge entity $(bone_body) {transformation: [-1.0008f,0f,0f,0.875f,0f,0.8877f,0.4621f,1.0786f,0f,0.4621f,-0.8877f,0.0751f,0f,0f,0f,1f],start_interpolation: 0,interpolation_duration: 1}
$data merge entity $(bone_left_leg) {transformation: [-0.9627f,0.0857f,-0.2598f,1.0729f,-0.0356f,0.9032f,0.4297f,1.0771f,0.2713f,0.4226f,-0.8657f,0.216f,0f,0f,0f,1f],start_interpolation: 0,interpolation_duration: 1}
$data merge entity $(bone_right_leg) {transformation: [-0.9918f,-0.0707f,0.1136f,0.7249f,0.0146f,0.7877f,0.6172f,1.0629f,-0.1331f,0.6133f,-0.7796f,0.2315f,0f,0f,0f,1f],start_interpolation: 0,interpolation_duration: 1}
$data merge entity $(bone_right_arm2) {transformation: [0f,0f,0f,0.1088f,0f,0f,0f,1.3757f,0f,0f,0f,-0.1438f,0f,0f,0f,1f],start_interpolation: 0,interpolation_duration: 1}
$data merge entity $(bone_right_arm3) {transformation: [0f,0f,0f,0.2339f,0f,0f,0f,1.188f,0f,0f,0f,0.0438f,0f,0f,0f,1f],start_interpolation: 0,interpolation_duration: 1}
$data merge entity $(bone_right_arm4) {transformation: [0f,0f,0f,0.359f,0f,0f,0f,1.6259f,0f,0f,0f,-0.2064f,0f,0f,0f,1f],start_interpolation: 0,interpolation_duration: 1}
$data merge entity $(bone_left_arm2) {transformation: [0f,0f,0f,1.3754f,0f,0f,0f,1.3288f,0f,0f,0f,0.2628f,0f,0f,0f,1f],start_interpolation: 0,interpolation_duration: 1}
$data merge entity $(bone_left_arm3) {transformation: [0f,0f,0f,1.1878f,0f,0f,0f,1.4539f,0f,0f,0f,0.513f,0f,0f,0f,1f],start_interpolation: 0,interpolation_duration: 1}
$data merge entity $(bone_left_arm4) {transformation: [0f,0f,0f,1.438f,0f,0f,0f,1.7041f,0f,0f,0f,0.3253f,0f,0f,0f,1f],start_interpolation: 0,interpolation_duration: 1}
data modify entity @s data merge value {"cameras":{},"locators":{"right_arm":{"px":0.373253921620187,"py":1.2153979603066034,"pz":0.5837234994356921,"ry":293.55461388942086,"rx":-11.200072362204942},"left_arm":{"px":1.30015703229458,"py":1.1915309654245871,"pz":0.6247190093812176,"ry":302.2505494600865,"rx":-49.445010970736924}}}