# This file was generated by Animated Java via MC-Build. It is not recommended to edit this file directly.
$data merge entity $(bone_head) {transformation: [-1.0006f,-0.0059f,0.0026f,0.8711f,-0.0045f,0.9269f,0.377f,1.7479f,-0.0047f,0.377f,-0.9269f,0.4188f,0f,0f,0f,1f],start_interpolation: 0,interpolation_duration: 1}
$data merge entity $(bone_right_arm1) {transformation: [-0.4133f,0.1647f,-0.8963f,0.5105f,0.7336f,0.6441f,-0.2199f,1.571f,0.5407f,-0.7479f,-0.3868f,0.0885f,0f,0f,0f,1f],start_interpolation: 0,interpolation_duration: 1}
$data merge entity $(bone_left_arm1) {transformation: [-0.8159f,-0.0503f,-0.5771f,1.2094f,0.4982f,0.4477f,-0.7434f,1.5047f,0.2956f,-0.8935f,-0.34f,0.0494f,0f,0f,0f,1f],start_interpolation: 0,interpolation_duration: 1}
$data merge entity $(bone_body) {transformation: [-0.9999f,-0.0052f,-0.0384f,0.875f,-0.0222f,0.8889f,0.459f,1.0812f,0.0317f,0.4595f,-0.8884f,0.0742f,0f,0f,0f,1f],start_interpolation: 0,interpolation_duration: 1}
$data merge entity $(bone_left_leg) {transformation: [-0.9643f,0.0825f,-0.2543f,1.0724f,-0.0348f,0.905f,0.4256f,1.0804f,0.265f,0.419f,-0.8692f,0.215f,0f,0f,0f,1f],start_interpolation: 0,interpolation_duration: 1}
$data merge entity $(bone_right_leg) {transformation: [-0.9917f,-0.0722f,0.1127f,0.7249f,0.0146f,0.7793f,0.6275f,1.0656f,-0.133f,0.6235f,-0.7713f,0.2305f,0f,0f,0f,1f],start_interpolation: 0,interpolation_duration: 1}
$data merge entity $(bone_right_arm2) {transformation: [0f,0f,0f,0.1089f,0f,0f,0f,1.3783f,0f,0f,0f,-0.1447f,0f,0f,0f,1f],start_interpolation: 0,interpolation_duration: 1}
$data merge entity $(bone_right_arm3) {transformation: [0f,0f,0f,0.234f,0f,0f,0f,1.1906f,0f,0f,0f,0.0429f,0f,0f,0f,1f],start_interpolation: 0,interpolation_duration: 1}
$data merge entity $(bone_right_arm4) {transformation: [0f,0f,0f,0.359f,0f,0f,0f,1.6284f,0f,0f,0f,-0.2073f,0f,0f,0f,1f],start_interpolation: 0,interpolation_duration: 1}
$data merge entity $(bone_left_arm2) {transformation: [0f,0f,0f,1.3753f,0f,0f,0f,1.3314f,0f,0f,0f,0.2618f,0f,0f,0f,1f],start_interpolation: 0,interpolation_duration: 1}
$data merge entity $(bone_left_arm3) {transformation: [0f,0f,0f,1.1877f,0f,0f,0f,1.4564f,0f,0f,0f,0.512f,0f,0f,0f,1f],start_interpolation: 0,interpolation_duration: 1}
$data merge entity $(bone_left_arm4) {transformation: [0f,0f,0f,1.4379f,0f,0f,0f,1.7066f,0f,0f,0f,0.3243f,0f,0f,0f,1f],start_interpolation: 0,interpolation_duration: 1}
data modify entity @s data merge value {"cameras":{},"locators":{"right_arm":{"px":0.38169330692501485,"py":1.2142913424973745,"pz":0.5896877550726883,"ry":293.3405340864046,"rx":-12.693345223623838},"left_arm":{"px":1.291804372073448,"py":1.1937231637703136,"pz":0.5894060925700557,"ry":300.50642621432365,"rx":-47.978267387611865}}}