# This file was generated by Animated Java via MC-Build. It is not recommended to edit this file directly.
$data merge entity $(bone_head) {transformation: [-1.0005f,-0.0074f,0.0034f,0.8701f,-0.0056f,0.9282f,0.3734f,1.749f,-0.0059f,0.3733f,-0.9282f,0.4194f,0f,0f,0f,1f],start_interpolation: 0,interpolation_duration: 1}
$data merge entity $(bone_right_arm1) {transformation: [-0.3996f,0.1395f,-0.9066f,0.5079f,0.7337f,0.642f,-0.2246f,1.573f,0.5504f,-0.7546f,-0.3587f,0.0852f,0f,0f,0f,1f],start_interpolation: 0,interpolation_duration: 1}
$data merge entity $(bone_left_arm1) {transformation: [-0.8006f,-0.0684f,-0.5962f,1.2069f,0.5156f,0.4303f,-0.7417f,1.5062f,0.3072f,-0.9007f,-0.309f,0.0353f,0f,0f,0f,1f],start_interpolation: 0,interpolation_duration: 1}
$data merge entity $(bone_body) {transformation: [-0.9993f,-0.0065f,-0.0491f,0.875f,-0.0285f,0.8874f,0.4612f,1.0834f,0.0406f,0.4621f,-0.8865f,0.0729f,0f,0f,0f,1f],start_interpolation: 0,interpolation_duration: 1}
$data merge entity $(bone_left_leg) {transformation: [-0.9664f,0.0779f,-0.247f,1.072f,-0.0338f,0.9081f,0.4186f,1.0834f,0.2567f,0.4127f,-0.8745f,0.2136f,0f,0f,0f,1f],start_interpolation: 0,interpolation_duration: 1}
$data merge entity $(bone_right_leg) {transformation: [-0.9915f,-0.0727f,0.1123f,0.7249f,0.0146f,0.7761f,0.6312f,1.0678f,-0.133f,0.6272f,-0.7681f,0.2292f,0f,0f,0f,1f],start_interpolation: 0,interpolation_duration: 1}
$data merge entity $(bone_right_arm2) {transformation: [0f,0f,0f,0.109f,0f,0f,0f,1.3804f,0f,0f,0f,-0.146f,0f,0f,0f,1f],start_interpolation: 0,interpolation_duration: 1}
$data merge entity $(bone_right_arm3) {transformation: [0f,0f,0f,0.234f,0f,0f,0f,1.1928f,0f,0f,0f,0.0416f,0f,0f,0f,1f],start_interpolation: 0,interpolation_duration: 1}
$data merge entity $(bone_right_arm4) {transformation: [0f,0f,0f,0.3591f,0f,0f,0f,1.6306f,0f,0f,0f,-0.2085f,0f,0f,0f,1f],start_interpolation: 0,interpolation_duration: 1}
$data merge entity $(bone_left_arm2) {transformation: [0f,0f,0f,1.3753f,0f,0f,0f,1.3335f,0f,0f,0f,0.2605f,0f,0f,0f,1f],start_interpolation: 0,interpolation_duration: 1}
$data merge entity $(bone_left_arm3) {transformation: [0f,0f,0f,1.1877f,0f,0f,0f,1.4586f,0f,0f,0f,0.5106f,0f,0f,0f,1f],start_interpolation: 0,interpolation_duration: 1}
$data merge entity $(bone_left_arm4) {transformation: [0f,0f,0f,1.4378f,0f,0f,0f,1.7087f,0f,0f,0f,0.323f,0f,0f,0f,1f],start_interpolation: 0,interpolation_duration: 1}
data modify entity @s data merge value {"cameras":{},"locators":{"right_arm":{"px":0.39577835081775037,"py":1.2175872971851702,"pz":0.5912624694978936,"ry":291.5865295263332,"rx":-12.973872757518322},"left_arm":{"px":1.2997517649851917,"py":1.2050551921180683,"pz":0.5790072226682184,"ry":297.39874932534804,"rx":-47.83988948672847}}}