# This file was generated by Animated Java via MC-Build. It is not recommended to edit this file directly.
$data merge entity $(bone_head) {transformation: [-1.0004f,-0.006f,0.0029f,0.871f,-0.0045f,0.9285f,0.3723f,1.7485f,-0.0049f,0.3723f,-0.9285f,0.4215f,0f,0f,0f,1f],start_interpolation: 0,interpolation_duration: 1}
$data merge entity $(bone_right_arm1) {transformation: [-0.3726f,0.1201f,-0.9206f,0.5075f,0.7399f,0.6376f,-0.2163f,1.5742f,0.5608f,-0.7615f,-0.3263f,0.0779f,0f,0f,0f,1f],start_interpolation: 0,interpolation_duration: 1}
$data merge entity $(bone_left_arm1) {transformation: [-0.7917f,-0.0899f,-0.6049f,1.2098f,0.5252f,0.4071f,-0.7478f,1.5049f,0.3134f,-0.9094f,-0.275f,0.035f,0f,0f,0f,1f],start_interpolation: 0,interpolation_duration: 1}
$data merge entity $(bone_body) {transformation: [-0.9995f,-0.0053f,-0.0415f,0.875f,-0.024f,0.8848f,0.4663f,1.085f,0.0342f,0.4669f,-0.8841f,0.0713f,0f,0f,0f,1f],start_interpolation: 0,interpolation_duration: 1}
$data merge entity $(bone_left_leg) {transformation: [-0.9719f,0.0657f,-0.2277f,1.0654f,-0.0311f,0.9176f,0.3974f,1.0968f,0.235f,0.3932f,-0.8894f,0.2107f,0f,0f,0f,1f],start_interpolation: 0,interpolation_duration: 1}
$data merge entity $(bone_right_leg) {transformation: [-0.9914f,-0.0723f,0.1125f,0.7249f,0.0146f,0.7782f,0.6285f,1.0693f,-0.133f,0.6245f,-0.7702f,0.2276f,0f,0f,0f,1f],start_interpolation: 0,interpolation_duration: 1}
$data merge entity $(bone_right_arm2) {transformation: [0f,0f,0f,0.1091f,0f,0f,0f,1.382f,0f,0f,0f,-0.1475f,0f,0f,0f,1f],start_interpolation: 0,interpolation_duration: 1}
$data merge entity $(bone_right_arm3) {transformation: [0f,0f,0f,0.2341f,0f,0f,0f,1.1944f,0f,0f,0f,0.0401f,0f,0f,0f,1f],start_interpolation: 0,interpolation_duration: 1}
$data merge entity $(bone_right_arm4) {transformation: [0f,0f,0f,0.3592f,0f,0f,0f,1.6321f,0f,0f,0f,-0.21f,0f,0f,0f,1f],start_interpolation: 0,interpolation_duration: 1}
$data merge entity $(bone_left_arm2) {transformation: [0f,0f,0f,1.3752f,0f,0f,0f,1.3351f,0f,0f,0f,0.2589f,0f,0f,0f,1f],start_interpolation: 0,interpolation_duration: 1}
$data merge entity $(bone_left_arm3) {transformation: [0f,0f,0f,1.1876f,0f,0f,0f,1.4601f,0f,0f,0f,0.509f,0f,0f,0f,1f],start_interpolation: 0,interpolation_duration: 1}
$data merge entity $(bone_left_arm4) {transformation: [0f,0f,0f,1.4377f,0f,0f,0f,1.7102f,0f,0f,0f,0.3214f,0f,0f,0f,1f],start_interpolation: 0,interpolation_duration: 1}
data modify entity @s data merge value {"cameras":{},"locators":{"right_arm":{"px":0.40921348137524466,"py":1.2219043007042918,"pz":0.5889114406417559,"ry":289.51534048740814,"rx":-12.486663039444696},"left_arm":{"px":1.3154864260863333,"py":1.2176281888312908,"pz":0.5837647182160892,"ry":294.4470408599145,"rx":-48.37631531123749}}}