# This file was generated by Animated Java via MC-Build. It is not recommended to edit this file directly.
$data merge entity $(bone_head) {transformation: [-1.0003f,-0.0035f,0.0017f,0.8727f,-0.0026f,0.9279f,0.3736f,1.7478f,-0.0029f,0.3736f,-0.9279f,0.4226f,0f,0f,0f,1f],start_interpolation: 0,interpolation_duration: 1}
$data merge entity $(bone_right_arm1) {transformation: [-0.3507f,0.1153f,-0.9297f,0.509f,0.7462f,0.6346f,-0.2027f,1.5746f,0.5664f,-0.7646f,-0.3085f,0.0707f,0f,0f,0f,1f],start_interpolation: 0,interpolation_duration: 1}
$data merge entity $(bone_left_arm1) {transformation: [-0.7928f,-0.1013f,-0.6015f,1.2148f,0.5239f,0.3921f,-0.7566f,1.5026f,0.3124f,-0.9147f,-0.2577f,0.0442f,0f,0f,0f,1f],start_interpolation: 0,interpolation_duration: 1}
$data merge entity $(bone_body) {transformation: [-1f,-0.003f,-0.0246f,0.875f,-0.0142f,0.8827f,0.4704f,1.0857f,0.0203f,0.4706f,-0.8825f,0.0696f,0f,0f,0f,1f],start_interpolation: 0,interpolation_duration: 1}
$data merge entity $(bone_left_leg) {transformation: [-0.9788f,0.0501f,-0.2002f,1.0561f,-0.0272f,0.9307f,0.3656f,1.1143f,0.2045f,0.3631f,-0.9093f,0.2071f,0f,0f,0f,1f],start_interpolation: 0,interpolation_duration: 1}
$data merge entity $(bone_right_leg) {transformation: [-0.9913f,-0.0713f,0.1132f,0.725f,0.0146f,0.784f,0.6211f,1.0701f,-0.133f,0.6171f,-0.7759f,0.2259f,0f,0f,0f,1f],start_interpolation: 0,interpolation_duration: 1}
$data merge entity $(bone_right_arm2) {transformation: [0f,0f,0f,0.1091f,0f,0f,0f,1.3827f,0f,0f,0f,-0.1492f,0f,0f,0f,1f],start_interpolation: 0,interpolation_duration: 1}
$data merge entity $(bone_right_arm3) {transformation: [0f,0f,0f,0.2342f,0f,0f,0f,1.1951f,0f,0f,0f,0.0384f,0f,0f,0f,1f],start_interpolation: 0,interpolation_duration: 1}
$data merge entity $(bone_right_arm4) {transformation: [0f,0f,0f,0.3592f,0f,0f,0f,1.6328f,0f,0f,0f,-0.2117f,0f,0f,0f,1f],start_interpolation: 0,interpolation_duration: 1}
$data merge entity $(bone_left_arm2) {transformation: [0f,0f,0f,1.3752f,0f,0f,0f,1.3358f,0f,0f,0f,0.2572f,0f,0f,0f,1f],start_interpolation: 0,interpolation_duration: 1}
$data merge entity $(bone_left_arm3) {transformation: [0f,0f,0f,1.1876f,0f,0f,0f,1.4609f,0f,0f,0f,0.5073f,0f,0f,0f,1f],start_interpolation: 0,interpolation_duration: 1}
$data merge entity $(bone_left_arm4) {transformation: [0f,0f,0f,1.4377f,0f,0f,0f,1.7109f,0f,0f,0f,0.3197f,0f,0f,0f,1f],start_interpolation: 0,interpolation_duration: 1}
data modify entity @s data merge value {"cameras":{},"locators":{"right_arm":{"px":0.4150423130604147,"py":1.224594705520576,"pz":0.5839780980904069,"ry":288.3597052495155,"rx":-11.694225870573826},"left_arm":{"px":1.3276930534606903,"py":1.2248244710645175,"pz":0.5963178536136047,"ry":293.1892008891017,"rx":-49.14261150178217}}}