# This file was generated by Animated Java via MC-Build. It is not recommended to edit this file directly.
$data merge entity $(bone_head) {transformation: [-1.0002f,-0.0011f,0.0005f,0.8743f,-0.0008f,0.9264f,0.3771f,1.7477f,-0.0009f,0.3771f,-0.9264f,0.4204f,0f,0f,0f,1f],start_interpolation: 0,interpolation_duration: 1}
$data merge entity $(bone_right_arm1) {transformation: [-0.3524f,0.1351f,-0.9263f,0.5119f,0.7492f,0.6341f,-0.1925f,1.5742f,0.5612f,-0.7617f,-0.3246f,0.068f,0f,0f,0f,1f],start_interpolation: 0,interpolation_duration: 1}
$data merge entity $(bone_left_arm1) {transformation: [-0.8065f,-0.0896f,-0.5847f,1.2187f,0.509f,0.3987f,-0.7632f,1.5013f,0.3014f,-0.9129f,-0.2758f,0.0584f,0f,0f,0f,1f],start_interpolation: 0,interpolation_duration: 1}
$data merge entity $(bone_body) {transformation: [-1.0002f,-0.0009f,-0.0077f,0.875f,-0.0045f,0.8829f,0.4699f,1.0855f,0.0063f,0.47f,-0.8829f,0.0679f,0f,0f,0f,1f],start_interpolation: 0,interpolation_duration: 1}
$data merge entity $(bone_left_leg) {transformation: [-0.9857f,0.0339f,-0.1662f,1.0449f,-0.0224f,0.9454f,0.3259f,1.1341f,0.1681f,0.3249f,-0.9309f,0.2032f,0f,0f,0f,1f],start_interpolation: 0,interpolation_duration: 1}
$data merge entity $(bone_right_leg) {transformation: [-0.9912f,-0.0696f,0.1142f,0.725f,0.0146f,0.7927f,0.6097f,1.0699f,-0.133f,0.6059f,-0.7846f,0.2242f,0f,0f,0f,1f],start_interpolation: 0,interpolation_duration: 1}
$data merge entity $(bone_right_arm2) {transformation: [0f,0f,0f,0.1092f,0f,0f,0f,1.3824f,0f,0f,0f,-0.1509f,0f,0f,0f,1f],start_interpolation: 0,interpolation_duration: 1}
$data merge entity $(bone_right_arm3) {transformation: [0f,0f,0f,0.2342f,0f,0f,0f,1.1949f,0f,0f,0f,0.0366f,0f,0f,0f,1f],start_interpolation: 0,interpolation_duration: 1}
$data merge entity $(bone_right_arm4) {transformation: [0f,0f,0f,0.3593f,0f,0f,0f,1.6325f,0f,0f,0f,-0.2134f,0f,0f,0f,1f],start_interpolation: 0,interpolation_duration: 1}
$data merge entity $(bone_left_arm2) {transformation: [0f,0f,0f,1.3751f,0f,0f,0f,1.3356f,0f,0f,0f,0.2554f,0f,0f,0f,1f],start_interpolation: 0,interpolation_duration: 1}
$data merge entity $(bone_left_arm3) {transformation: [0f,0f,0f,1.1876f,0f,0f,0f,1.4606f,0f,0f,0f,0.5055f,0f,0f,0f,1f],start_interpolation: 0,interpolation_duration: 1}
$data merge entity $(bone_left_arm4) {transformation: [0f,0f,0f,1.4376f,0f,0f,0f,1.7106f,0f,0f,0f,0.318f,0f,0f,0f,1f],start_interpolation: 0,interpolation_duration: 1}
data modify entity @s data merge value {"cameras":{},"locators":{"right_arm":{"px":0.40545866576427314,"py":1.2247756422512448,"pz":0.5790780821617573,"ry":289.31035598584185,"rx":-11.09808859386201},"left_arm":{"px":1.3251678175348742,"py":1.2203184653979011,"pz":0.6101358746382969,"ry":295.25532400695806,"rx":-49.73080414854759}}}