# This file was generated by Animated Java via MC-Build. It is not recommended to edit this file directly.
$data merge entity $(bone_head) {transformation: [-1.0001f,0f,0f,0.875f,0f,0.924f,0.3827f,1.7494f,0f,0.3827f,-0.924f,0.4126f,0f,0f,0f,1f],start_interpolation: 0,interpolation_duration: 1}
$data merge entity $(bone_right_arm1) {transformation: [-0.3953f,0.1877f,-0.8993f,0.5156f,0.745f,0.6383f,-0.1943f,1.5732f,0.5375f,-0.7467f,-0.3921f,0.0742f,0f,0f,0f,1f],start_interpolation: 0,interpolation_duration: 1}
$data merge entity $(bone_left_arm1) {transformation: [-0.8341f,-0.0463f,-0.5499f,1.2188f,0.4765f,0.4425f,-0.7599f,1.5033f,0.2785f,-0.8957f,-0.347f,0.0731f,0f,0f,0f,1f],start_interpolation: 0,interpolation_duration: 1}
$data merge entity $(bone_body) {transformation: [-1.0001f,0f,0f,0.875f,0f,0.8871f,0.4618f,1.0841f,0f,0.4618f,-0.8871f,0.0662f,0f,0f,0f,1f],start_interpolation: 0,interpolation_duration: 1}
$data merge entity $(bone_left_leg) {transformation: [-0.9917f,0.0198f,-0.1283f,1.0328f,-0.0172f,0.9595f,0.2816f,1.1544f,0.1286f,0.2814f,-0.9511f,0.1991f,0f,0f,0f,1f],start_interpolation: 0,interpolation_duration: 1}
$data merge entity $(bone_right_leg) {transformation: [-0.9912f,-0.0676f,0.1154f,0.725f,0.0146f,0.8035f,0.5954f,1.0684f,-0.133f,0.5917f,-0.7953f,0.2225f,0f,0f,0f,1f],start_interpolation: 0,interpolation_duration: 1}
$data merge entity $(bone_right_arm2) {transformation: [0f,0f,0f,0.1093f,0f,0f,0f,1.381f,0f,0f,0f,-0.1525f,0f,0f,0f,1f],start_interpolation: 0,interpolation_duration: 1}
$data merge entity $(bone_right_arm3) {transformation: [0f,0f,0f,0.2343f,0f,0f,0f,1.1935f,0f,0f,0f,0.035f,0f,0f,0f,1f],start_interpolation: 0,interpolation_duration: 1}
$data merge entity $(bone_right_arm4) {transformation: [0f,0f,0f,0.3593f,0f,0f,0f,1.631f,0f,0f,0f,-0.215f,0f,0f,0f,1f],start_interpolation: 0,interpolation_duration: 1}
$data merge entity $(bone_left_arm2) {transformation: [0f,0f,0f,1.3751f,0f,0f,0f,1.3341f,0f,0f,0f,0.2538f,0f,0f,0f,1f],start_interpolation: 0,interpolation_duration: 1}
$data merge entity $(bone_left_arm3) {transformation: [0f,0f,0f,1.1875f,0f,0f,0f,1.4591f,0f,0f,0f,0.5038f,0f,0f,0f,1f],start_interpolation: 0,interpolation_duration: 1}
$data merge entity $(bone_left_arm4) {transformation: [0f,0f,0f,1.4376f,0f,0f,0f,1.7091f,0f,0f,0f,0.3163f,0f,0f,0f,1f],start_interpolation: 0,interpolation_duration: 1}
data modify entity @s data merge value {"cameras":{},"locators":{"right_arm":{"px":0.37358932373839493,"py":1.2208140401987735,"pz":0.5745271498036395,"ry":293.55461388942086,"rx":-11.200072362204946},"left_arm":{"px":1.2998728276433686,"py":1.1969629996828868,"pz":0.6154952554873971,"ry":302.2505494600865,"rx":-49.44501097073693}}}