# This file was generated by Animated Java via MC-Build. It is not recommended to edit this file directly.
$data merge entity $(bone_head) {transformation: [-1.0001f,0f,0f,0.875f,0f,0.9206f,0.3907f,1.7524f,0f,0.3907f,-0.9206f,0.3995f,0f,0f,0f,1f],start_interpolation: 0,interpolation_duration: 1}
$data merge entity $(bone_right_arm1) {transformation: [-0.4758f,0.2665f,-0.8383f,0.5202f,0.728f,0.6543f,-0.2052f,1.5718f,0.4938f,-0.7079f,-0.5053f,0.0892f,0f,0f,0f,1f],start_interpolation: 0,interpolation_duration: 1}
$data merge entity $(bone_left_arm1) {transformation: [-0.8726f,0.0167f,-0.4882f,1.2157f,0.4232f,0.5252f,-0.7384f,1.5089f,0.2441f,-0.8509f,-0.4654f,0.0893f,0f,0f,0f,1f],start_interpolation: 0,interpolation_duration: 1}
$data merge entity $(bone_body) {transformation: [-1.0001f,0f,0f,0.875f,0f,0.8949f,0.4464f,1.0812f,0f,0.4464f,-0.8949f,0.0648f,0f,0f,0f,1f],start_interpolation: 0,interpolation_duration: 1}
$data merge entity $(bone_left_leg) {transformation: [-0.996f,0.0094f,-0.0894f,1.0208f,-0.012f,0.9718f,0.236f,1.1733f,0.089f,0.2361f,-0.9677f,0.1952f,0f,0f,0f,1f],start_interpolation: 0,interpolation_duration: 1}
$data merge entity $(bone_right_leg) {transformation: [-0.9911f,-0.0652f,0.1168f,0.725f,0.0146f,0.8155f,0.5788f,1.0656f,-0.133f,0.5753f,-0.8072f,0.221f,0f,0f,0f,1f],start_interpolation: 0,interpolation_duration: 1}
$data merge entity $(bone_right_arm2) {transformation: [0f,0f,0f,0.1093f,0f,0f,0f,1.3781f,0f,0f,0f,-0.154f,0f,0f,0f,1f],start_interpolation: 0,interpolation_duration: 1}
$data merge entity $(bone_right_arm3) {transformation: [0f,0f,0f,0.2343f,0f,0f,0f,1.1906f,0f,0f,0f,0.0335f,0f,0f,0f,1f],start_interpolation: 0,interpolation_duration: 1}
$data merge entity $(bone_right_arm4) {transformation: [0f,0f,0f,0.3593f,0f,0f,0f,1.6282f,0f,0f,0f,-0.2165f,0f,0f,0f,1f],start_interpolation: 0,interpolation_duration: 1}
$data merge entity $(bone_left_arm2) {transformation: [0f,0f,0f,1.375f,0f,0f,0f,1.3313f,0f,0f,0f,0.2523f,0f,0f,0f,1f],start_interpolation: 0,interpolation_duration: 1}
$data merge entity $(bone_left_arm3) {transformation: [0f,0f,0f,1.1875f,0f,0f,0f,1.4563f,0f,0f,0f,0.5023f,0f,0f,0f,1f],start_interpolation: 0,interpolation_duration: 1}
$data merge entity $(bone_left_arm4) {transformation: [0f,0f,0f,1.4375f,0f,0f,0f,1.7063f,0f,0f,0f,0.3148f,0f,0f,0f,1f],start_interpolation: 0,interpolation_duration: 1}
data modify entity @s data merge value {"cameras":{},"locators":{"right_arm":{"px":0.3239367707417788,"py":1.2084058233147066,"pz":0.5624938022897416,"ry":301.07885032358075,"rx":-11.839236817549624},"left_arm":{"px":1.2597769644897885,"py":1.154144964344218,"pz":0.6058320926433078,"ry":313.6258994652266,"rx":-47.58827317500378}}}