# This file was generated by Animated Java via MC-Build. It is not recommended to edit this file directly.
$data merge entity $(bone_head) {transformation: [-1f,0f,0f,0.875f,0f,0.9156f,0.4021f,1.7561f,0f,0.4021f,-0.9156f,0.3815f,0f,0f,0f,1f],start_interpolation: 0,interpolation_duration: 1}
$data merge entity $(bone_right_arm1) {transformation: [-0.5853f,0.3594f,-0.7269f,0.527f,0.6896f,0.6921f,-0.213f,1.5708f,0.4265f,-0.626f,-0.6529f,0.1117f,0f,0f,0f,1f],start_interpolation: 0,interpolation_duration: 1}
$data merge entity $(bone_left_arm1) {transformation: [-0.9197f,0.0768f,-0.3852f,1.2112f,0.3404f,0.6451f,-0.6841f,1.5178f,0.1959f,-0.7603f,-0.6194f,0.113f,0f,0f,0f,1f],start_interpolation: 0,interpolation_duration: 1}
$data merge entity $(bone_body) {transformation: [-1f,0f,0f,0.875f,0f,0.9057f,0.4239f,1.0768f,0f,0.4239f,-0.9057f,0.0636f,0f,0f,0f,1f],start_interpolation: 0,interpolation_duration: 1}
$data merge entity $(bone_left_leg) {transformation: [-0.9986f,0.0032f,-0.0528f,1.0096f,-0.0071f,0.9812f,0.193f,1.1889f,0.0524f,0.1931f,-0.9798f,0.1918f,0f,0f,0f,1f],start_interpolation: 0,interpolation_duration: 1}
$data merge entity $(bone_right_leg) {transformation: [-0.9911f,-0.0626f,0.1182f,0.725f,0.0146f,0.8278f,0.5608f,1.0612f,-0.1329f,0.5575f,-0.8195f,0.2198f,0f,0f,0f,1f],start_interpolation: 0,interpolation_duration: 1}
$data merge entity $(bone_right_arm2) {transformation: [0f,0f,0f,0.1093f,0f,0f,0f,1.3737f,0f,0f,0f,-0.1552f,0f,0f,0f,1f],start_interpolation: 0,interpolation_duration: 1}
$data merge entity $(bone_right_arm3) {transformation: [0f,0f,0f,0.2344f,0f,0f,0f,1.1862f,0f,0f,0f,0.0323f,0f,0f,0f,1f],start_interpolation: 0,interpolation_duration: 1}
$data merge entity $(bone_right_arm4) {transformation: [0f,0f,0f,0.3594f,0f,0f,0f,1.6237f,0f,0f,0f,-0.2177f,0f,0f,0f,1f],start_interpolation: 0,interpolation_duration: 1}
$data merge entity $(bone_left_arm2) {transformation: [0f,0f,0f,1.375f,0f,0f,0f,1.3268f,0f,0f,0f,0.2511f,0f,0f,0f,1f],start_interpolation: 0,interpolation_duration: 1}
$data merge entity $(bone_left_arm3) {transformation: [0f,0f,0f,1.1875f,0f,0f,0f,1.4518f,0f,0f,0f,0.5011f,0f,0f,0f,1f],start_interpolation: 0,interpolation_duration: 1}
$data merge entity $(bone_left_arm4) {transformation: [0f,0f,0f,1.4375f,0f,0f,0f,1.7018f,0f,0f,0f,0.3136f,0f,0f,0f,1f],start_interpolation: 0,interpolation_duration: 1}
data modify entity @s data merge value {"cameras":{},"locators":{"right_arm":{"px":0.26574100317441746,"py":1.181288052025841,"pz":0.5295512706201361,"ry":311.9328390857671,"rx":-12.300659632663573},"left_arm":{"px":1.2206641069033832,"py":1.0933719029509397,"pz":0.5759786298574135,"ry":328.1224652816029,"rx":-43.16588379518542}}}