# This file was generated by Animated Java via MC-Build. It is not recommended to edit this file directly.
$data merge entity $(bone_head) {transformation: [-1f,0f,0f,0.875f,0f,0.9096f,0.4156f,1.759f,0f,0.4156f,-0.9096f,0.3605f,0f,0f,0f,1f],start_interpolation: 0,interpolation_duration: 1}
$data merge entity $(bone_right_arm1) {transformation: [-0.7024f,0.4284f,-0.5685f,0.5349f,0.624f,0.7549f,-0.202f,1.5705f,0.3426f,-0.4966f,-0.7975f,0.1386f,0f,0f,0f,1f],start_interpolation: 0,interpolation_duration: 1}
$data merge entity $(bone_left_arm1) {transformation: [-0.9616f,0.0979f,-0.2563f,1.2059f,0.2346f,0.7778f,-0.5831f,1.5294f,0.1422f,-0.6209f,-0.7709f,0.1409f,0f,0f,0f,1f],start_interpolation: 0,interpolation_duration: 1}
$data merge entity $(bone_body) {transformation: [-1f,0f,0f,0.875f,0f,0.9178f,0.397f,1.0706f,0f,0.397f,-0.9178f,0.0628f,0f,0f,0f,1f],start_interpolation: 0,interpolation_duration: 1}
$data merge entity $(bone_left_leg) {transformation: [-0.9998f,0.0005f,-0.0219f,1.0003f,-0.0029f,0.9877f,0.1564f,1.1995f,0.0217f,0.1564f,-0.9875f,0.1891f,0f,0f,0f,1f],start_interpolation: 0,interpolation_duration: 1}
$data merge entity $(bone_right_leg) {transformation: [-0.991f,-0.06f,0.1195f,0.725f,0.0146f,0.8399f,0.5426f,1.055f,-0.1329f,0.5394f,-0.8315f,0.219f,0f,0f,0f,1f],start_interpolation: 0,interpolation_duration: 1}
$data merge entity $(bone_right_arm2) {transformation: [0f,0f,0f,0.1094f,0f,0f,0f,1.3675f,0f,0f,0f,-0.156f,0f,0f,0f,1f],start_interpolation: 0,interpolation_duration: 1}
$data merge entity $(bone_right_arm3) {transformation: [0f,0f,0f,0.2344f,0f,0f,0f,1.18f,0f,0f,0f,0.0315f,0f,0f,0f,1f],start_interpolation: 0,interpolation_duration: 1}
$data merge entity $(bone_right_arm4) {transformation: [0f,0f,0f,0.3594f,0f,0f,0f,1.6175f,0f,0f,0f,-0.2185f,0f,0f,0f,1f],start_interpolation: 0,interpolation_duration: 1}
$data merge entity $(bone_left_arm2) {transformation: [0f,0f,0f,1.375f,0f,0f,0f,1.3206f,0f,0f,0f,0.2503f,0f,0f,0f,1f],start_interpolation: 0,interpolation_duration: 1}
$data merge entity $(bone_left_arm3) {transformation: [0f,0f,0f,1.1875f,0f,0f,0f,1.4456f,0f,0f,0f,0.5003f,0f,0f,0f,1f],start_interpolation: 0,interpolation_duration: 1}
$data merge entity $(bone_left_arm4) {transformation: [0f,0f,0f,1.4375f,0f,0f,0f,1.6957f,0f,0f,0f,0.3128f,0f,0f,0f,1f],start_interpolation: 0,interpolation_duration: 1}
data modify entity @s data merge value {"cameras":{},"locators":{"right_arm":{"px":0.22323291828830516,"py":1.1376803041110586,"pz":0.47039310570381004,"ry":324.5188872569274,"rx":-11.6532824694093},"left_arm":{"px":1.2048055774040063,"py":1.028637351989512,"pz":0.5200593166086854,"ry":341.6123649794605,"rx":-35.67028277537817}}}