# This file was generated by Animated Java via MC-Build. It is not recommended to edit this file directly.
$data merge entity $(bone_head) {transformation: [-1f,0f,0f,0.875f,0f,0.903f,0.4296f,1.7598f,0f,0.4296f,-0.903f,0.3387f,0f,0f,0f,1f],start_interpolation: 0,interpolation_duration: 1}
$data merge entity $(bone_right_arm1) {transformation: [-0.8077f,0.4443f,-0.3875f,0.5432f,0.5329f,0.8314f,-0.1576f,1.5708f,0.2521f,-0.3338f,-0.9083f,0.1671f,0f,0f,0f,1f],start_interpolation: 0,interpolation_duration: 1}
$data merge entity $(bone_left_arm1) {transformation: [-0.9891f,0.0635f,-0.1331f,1.2003f,0.116f,0.8921f,-0.4367f,1.5422f,0.091f,-0.4474f,-0.8897f,0.1696f,0f,0f,0f,1f],start_interpolation: 0,interpolation_duration: 1}
$data merge entity $(bone_body) {transformation: [-1f,0f,0f,0.875f,0f,0.9297f,0.3683f,1.0625f,0f,0.3683f,-0.9297f,0.0625f,0f,0f,0f,1f],start_interpolation: 0,interpolation_duration: 1}
$data merge entity $(bone_left_leg) {transformation: [-1f,0f,0f,0.9938f,0f,0.9914f,0.1305f,1.2031f,0f,0.1305f,-0.9914f,0.1875f,0f,0f,0f,1f],start_interpolation: 0,interpolation_duration: 1}
$data merge entity $(bone_right_leg) {transformation: [-0.991f,-0.0575f,0.1207f,0.725f,0.0146f,0.851f,0.5249f,1.0469f,-0.1329f,0.522f,-0.8425f,0.2188f,0f,0f,0f,1f],start_interpolation: 0,interpolation_duration: 1}
$data merge entity $(bone_right_arm2) {transformation: [0f,0f,0f,0.1094f,0f,0f,0f,1.3594f,0f,0f,0f,-0.1562f,0f,0f,0f,1f],start_interpolation: 0,interpolation_duration: 1}
$data merge entity $(bone_right_arm3) {transformation: [0f,0f,0f,0.2344f,0f,0f,0f,1.1719f,0f,0f,0f,0.0313f,0f,0f,0f,1f],start_interpolation: 0,interpolation_duration: 1}
$data merge entity $(bone_right_arm4) {transformation: [0f,0f,0f,0.3594f,0f,0f,0f,1.6094f,0f,0f,0f,-0.2187f,0f,0f,0f,1f],start_interpolation: 0,interpolation_duration: 1}
$data merge entity $(bone_left_arm2) {transformation: [0f,0f,0f,1.375f,0f,0f,0f,1.3125f,0f,0f,0f,0.25f,0f,0f,0f,1f],start_interpolation: 0,interpolation_duration: 1}
$data merge entity $(bone_left_arm3) {transformation: [0f,0f,0f,1.1875f,0f,0f,0f,1.4375f,0f,0f,0f,0.5f,0f,0f,0f,1f],start_interpolation: 0,interpolation_duration: 1}
$data merge entity $(bone_left_arm4) {transformation: [0f,0f,0f,1.4375f,0f,0f,0f,1.6875f,0f,0f,0f,0.3125f,0f,0f,0f,1f],start_interpolation: 0,interpolation_duration: 1}
data modify entity @s data merge value {"cameras":{},"locators":{"right_arm":{"px":0.2150399306125072,"py":1.0845143305109084,"pz":0.3915118981749721,"ry":336.8985995455811,"rx":-9.06770354183535},"left_arm":{"px":1.2225017124280784,"py":0.9773833408833459,"pz":0.44354778799955635,"ry":351.49410680939764,"rx":-25.89470065609885}}}