# This file was generated by Animated Java via MC-Build. It is not recommended to edit this file directly.
$data merge entity $(bone_head) {transformation: [-1f,0f,0f,0.875f,0f,0.8966f,0.4429f,1.6635f,0f,0.4429f,-0.8966f,0.318f,0f,0f,0f,1f],start_interpolation: 0,interpolation_duration: 1}
$data merge entity $(bone_right_arm1) {transformation: [-0.8883f,0.4027f,-0.2207f,0.5512f,0.4279f,0.9003f,-0.0797f,1.4768f,0.1666f,-0.1652f,-0.9721f,0.1941f,0f,0f,0f,1f],start_interpolation: 0,interpolation_duration: 1}
$data merge entity $(bone_left_arm1) {transformation: [-0.9988f,-0.0145f,-0.0463f,1.1951f,-0.0016f,0.9636f,-0.2675f,1.46f,0.0485f,-0.2671f,-0.9625f,0.196f,0f,0f,0f,1f],start_interpolation: 0,interpolation_duration: 1}
$data merge entity $(bone_body) {transformation: [-1f,0f,0f,0.875f,0f,0.9402f,0.3407f,0.9583f,0f,0.3407f,-0.9402f,0.0625f,0f,0f,0f,1f],start_interpolation: 0,interpolation_duration: 1}
$data merge entity $(bone_left_leg) {transformation: [-1f,0f,0f,0.9938f,0f,0.9914f,0.1305f,1.099f,0f,0.1305f,-0.9914f,0.1875f,0f,0f,0f,1f],start_interpolation: 0,interpolation_duration: 1}
$data merge entity $(bone_right_leg) {transformation: [-0.991f,-0.0553f,0.1218f,0.725f,0.0146f,0.8606f,0.509f,0.9427f,-0.1329f,0.5062f,-0.8521f,0.2188f,0f,0f,0f,1f],start_interpolation: 0,interpolation_duration: 1}
$data merge entity $(bone_right_arm2) {transformation: [0f,0f,0f,0.1094f,0f,0f,0f,1.2552f,0f,0f,0f,-0.1562f,0f,0f,0f,1f],start_interpolation: 0,interpolation_duration: 1}
$data merge entity $(bone_right_arm3) {transformation: [0f,0f,0f,0.2344f,0f,0f,0f,1.0677f,0f,0f,0f,0.0313f,0f,0f,0f,1f],start_interpolation: 0,interpolation_duration: 1}
$data merge entity $(bone_right_arm4) {transformation: [0f,0f,0f,0.3594f,0f,0f,0f,1.5052f,0f,0f,0f,-0.2187f,0f,0f,0f,1f],start_interpolation: 0,interpolation_duration: 1}
$data merge entity $(bone_left_arm2) {transformation: [0f,0f,0f,1.375f,0f,0f,0f,1.2083f,0f,0f,0f,0.25f,0f,0f,0f,1f],start_interpolation: 0,interpolation_duration: 1}
$data merge entity $(bone_left_arm3) {transformation: [0f,0f,0f,1.1875f,0f,0f,0f,1.3333f,0f,0f,0f,0.5f,0f,0f,0f,1f],start_interpolation: 0,interpolation_duration: 1}
$data merge entity $(bone_left_arm4) {transformation: [0f,0f,0f,1.4375f,0f,0f,0f,1.5833f,0f,0f,0f,0.3125f,0f,0f,0f,1f],start_interpolation: 0,interpolation_duration: 1}
data modify entity @s data merge value {"cameras":{},"locators":{"right_arm":{"px":0.24394882085591035,"py":0.9408371730372147,"pz":0.30775864270856734,"ry":347.21030907014534,"rx":-4.571911278332599},"left_arm":{"px":1.2665603411352704,"py":0.8578547988263626,"pz":0.3599335617279542,"ry":357.2466383467262,"rx":-15.514465097719986}}}