# This file was generated by Animated Java via MC-Build. It is not recommended to edit this file directly.
$data merge entity $(bone_head) {transformation: [-1f,0f,0f,0.875f,0f,0.891f,0.4541f,1.5654f,0f,0.4541f,-0.891f,0.3004f,0f,0f,0f,1f],start_interpolation: 0,interpolation_duration: 1}
$data merge entity $(bone_right_arm1) {transformation: [-0.9399f,0.327f,-0.0979f,0.5579f,0.3274f,0.9448f,0.0126f,1.3828f,0.0966f,-0.0202f,-0.9951f,0.2164f,0f,0f,0f,1f],start_interpolation: 0,interpolation_duration: 1}
$data merge entity $(bone_left_arm1) {transformation: [-0.9945f,-0.1043f,-0.0065f,1.1906f,-0.103f,0.9885f,-0.1109f,1.3759f,0.018f,-0.1096f,-0.9938f,0.2174f,0f,0f,0f,1f],start_interpolation: 0,interpolation_duration: 1}
$data merge entity $(bone_body) {transformation: [-1f,0f,0f,0.875f,0f,0.9484f,0.3172f,0.8542f,0f,0.3172f,-0.9484f,0.0625f,0f,0f,0f,1f],start_interpolation: 0,interpolation_duration: 1}
$data merge entity $(bone_left_leg) {transformation: [-1f,0f,0f,0.9938f,0f,0.9914f,0.1305f,0.9948f,0f,0.1305f,-0.9914f,0.1875f,0f,0f,0f,1f],start_interpolation: 0,interpolation_duration: 1}
$data merge entity $(bone_right_leg) {transformation: [-0.991f,-0.0534f,0.1226f,0.725f,0.0146f,0.8683f,0.4959f,0.8385f,-0.1329f,0.4932f,-0.8597f,0.2188f,0f,0f,0f,1f],start_interpolation: 0,interpolation_duration: 1}
$data merge entity $(bone_right_arm2) {transformation: [0f,0f,0f,0.1094f,0f,0f,0f,1.151f,0f,0f,0f,-0.1562f,0f,0f,0f,1f],start_interpolation: 0,interpolation_duration: 1}
$data merge entity $(bone_right_arm3) {transformation: [0f,0f,0f,0.2344f,0f,0f,0f,0.9635f,0f,0f,0f,0.0313f,0f,0f,0f,1f],start_interpolation: 0,interpolation_duration: 1}
$data merge entity $(bone_right_arm4) {transformation: [0f,0f,0f,0.3594f,0f,0f,0f,1.401f,0f,0f,0f,-0.2187f,0f,0f,0f,1f],start_interpolation: 0,interpolation_duration: 1}
$data merge entity $(bone_left_arm2) {transformation: [0f,0f,0f,1.375f,0f,0f,0f,1.1042f,0f,0f,0f,0.25f,0f,0f,0f,1f],start_interpolation: 0,interpolation_duration: 1}
$data merge entity $(bone_left_arm3) {transformation: [0f,0f,0f,1.1875f,0f,0f,0f,1.2292f,0f,0f,0f,0.5f,0f,0f,0f,1f],start_interpolation: 0,interpolation_duration: 1}
$data merge entity $(bone_left_arm4) {transformation: [0f,0f,0f,1.4375f,0f,0f,0f,1.4792f,0f,0f,0f,0.3125f,0f,0f,0f,1f],start_interpolation: 0,interpolation_duration: 1}
data modify entity @s data merge value {"cameras":{},"locators":{"right_arm":{"px":0.29472548645827557,"py":0.8127114423039955,"pz":0.23507517210436282,"ry":354.3839078526819,"rx":0.7209521934461004},"left_arm":{"px":1.3179676342194082,"py":0.7645279962450403,"pz":0.28475666771321084,"ry":359.6254714703624,"rx":-6.365831103857291}}}