# This file was generated by Animated Java via MC-Build. It is not recommended to edit this file directly.
$data merge entity $(bone_head) {transformation: [-1f,0f,0f,0.875f,0f,0.887f,0.4617f,1.7778f,0f,0.4617f,-0.887f,0.038f,0f,0f,0f,1f],start_interpolation: 0,interpolation_duration: 1}
$data merge entity $(bone_right_arm1) {transformation: [-0.9663f,0.2558f,-0.0283f,0.5625f,0.2524f,0.9635f,0.0889f,1.599f,0.05f,0.0788f,-0.9956f,-0.0184f,0f,0f,0f,1f],start_interpolation: 0,interpolation_duration: 1}
$data merge entity $(bone_left_arm1) {transformation: [-0.9848f,-0.1736f,0f,1.1875f,-0.1736f,0.9848f,0f,1.599f,0f,0f,-1f,-0.0184f,0f,0f,0f,1f],start_interpolation: 0,interpolation_duration: 1}
$data merge entity $(bone_body) {transformation: [-1f,0f,0f,0.875f,0f,0.9537f,0.3007f,1.0625f,0f,0.3007f,-0.9537f,-0.1875f,0f,0f,0f,1f],start_interpolation: 0,interpolation_duration: 1}
$data merge entity $(bone_left_leg) {transformation: [-1f,0f,0f,0.9938f,0f,0.9914f,0.1305f,1.2031f,0f,0.1305f,-0.9914f,-0.0625f,0f,0f,0f,1f],start_interpolation: 0,interpolation_duration: 1}
$data merge entity $(bone_right_leg) {transformation: [-1f,0f,0f,0.7563f,0f,0.9063f,0.4226f,1.0469f,0f,0.4226f,-0.9063f,-0.125f,0f,0f,0f,1f],start_interpolation: 0,interpolation_duration: 1}
$data merge entity $(bone_right_arm2) {transformation: [0f,0f,0f,0.2835f,0f,0f,0f,1.5335f,0f,0f,0f,-0.2723f,0f,0f,0f,1f],start_interpolation: 0,interpolation_duration: 1}
$data merge entity $(bone_right_arm3) {transformation: [0f,0f,0f,0.2344f,0f,0f,0f,1.1719f,0f,0f,0f,-0.2187f,0f,0f,0f,1f],start_interpolation: 0,interpolation_duration: 1}
$data merge entity $(bone_right_arm4) {transformation: [0f,0f,0f,0.3594f,0f,0f,0f,1.6094f,0f,0f,0f,-0.4687f,0f,0f,0f,1f],start_interpolation: 0,interpolation_duration: 1}
$data merge entity $(bone_left_arm2) {transformation: [0f,0f,0f,1.3125f,0f,0f,0f,1.5096f,0f,0f,0f,-0.351f,0f,0f,0f,1f],start_interpolation: 0,interpolation_duration: 1}
$data merge entity $(bone_left_arm3) {transformation: [0f,0f,0f,1.125f,0f,0f,0f,1.6875f,0f,0f,0f,-0.3125f,0f,0f,0f,1f],start_interpolation: 0,interpolation_duration: 1}
$data merge entity $(bone_left_arm4) {transformation: [0f,0f,0f,1.375f,0f,0f,0f,1.9375f,0f,0f,0f,-0.5f,0f,0f,0f,1f],start_interpolation: 0,interpolation_duration: 1}
data modify entity @s data merge value {"cameras":{},"locators":{"right_arm":{"px":0.3422596937324721,"py":1.0125376927812428,"pz":-0.06447836464733676,"ry":358.3746790918543,"rx":5.101577055452992},"left_arm":{"px":1.3575805956048772,"py":0.9943139502673698,"pz":-0.018352987778973134,"ry":7.457856554538012e-11,"rx":3.300361137896884e-11}}}