# This file was generated by Animated Java via MC-Build. It is not recommended to edit this file directly.
$data merge entity $(bone_head) {transformation: [-0.9996f,0.0504f,-0.0308f,0.905f,0.0336f,0.9144f,0.4066f,1.7302f,0.0486f,0.4049f,-0.9145f,0.4312f,0f,0f,0f,1f],start_interpolation: 0,interpolation_duration: 1}
$data merge entity $(bone_right_arm1) {transformation: [-0.1169f,0.3f,-0.9481f,0.5625f,0.788f,0.6103f,0.0959f,1.5522f,0.6066f,-0.735f,-0.3074f,-0.0338f,0f,0f,0f,1f],start_interpolation: 0,interpolation_duration: 1}
$data merge entity $(bone_left_arm1) {transformation: [-0.9507f,-0.021f,-0.3137f,1.2277f,0.3099f,0.1051f,-0.9463f,1.4376f,0.0527f,-0.9956f,-0.0933f,0.381f,0f,0f,0f,1f],start_interpolation: 0,interpolation_duration: 1}
$data merge entity $(bone_body) {transformation: [-0.9203f,0.0399f,0.3924f,0.875f,0.219f,0.8804f,0.4239f,1.07f,-0.3281f,0.4754f,-0.8179f,0.0747f,0f,0f,0f,1f],start_interpolation: 0,interpolation_duration: 1}
$data merge entity $(bone_left_leg) {transformation: [-0.9607f,0.0881f,-0.2681f,1.0741f,-0.0367f,0.9042f,0.4286f,1.0664f,0.2798f,0.4211f,-0.8643f,0.2159f,0f,0f,0f,1f],start_interpolation: 0,interpolation_duration: 1}
$data merge entity $(bone_right_leg) {transformation: [-0.9923f,-0.0627f,0.1183f,0.7248f,0.0146f,0.8289f,0.5616f,1.0543f,-0.1331f,0.5583f,-0.8205f,0.2311f,0f,0f,0f,1f],start_interpolation: 0,interpolation_duration: 1}
$data merge entity $(bone_right_arm2) {transformation: [0f,0f,0f,0.1084f,0f,0f,0f,1.3672f,0f,0f,0f,-0.1444f,0f,0f,0f,1f],start_interpolation: 0,interpolation_duration: 1}
$data merge entity $(bone_right_arm3) {transformation: [0f,0f,0f,0.2335f,0f,0f,0f,1.1795f,0f,0f,0f,0.0434f,0f,0f,0f,1f],start_interpolation: 0,interpolation_duration: 1}
$data merge entity $(bone_right_arm4) {transformation: [0f,0f,0f,0.3587f,0f,0f,0f,1.6176f,0f,0f,0f,-0.207f,0f,0f,0f,1f],start_interpolation: 0,interpolation_duration: 1}
$data merge entity $(bone_left_arm2) {transformation: [0f,0f,0f,1.3757f,0f,0f,0f,1.3203f,0f,0f,0f,0.2624f,0f,0f,0f,1f],start_interpolation: 0,interpolation_duration: 1}
$data merge entity $(bone_left_arm3) {transformation: [0f,0f,0f,1.1879f,0f,0f,0f,1.4455f,0f,0f,0f,0.5127f,0f,0f,0f,1f],start_interpolation: 0,interpolation_duration: 1}
$data merge entity $(bone_left_arm4) {transformation: [0f,0f,0f,1.4382f,0f,0f,0f,1.6958f,0f,0f,0f,0.325f,0f,0f,0f,1f],start_interpolation: 0,interpolation_duration: 1}
data modify entity @s data merge value {"cameras":{},"locators":{"right_arm":{"px":0.36770462060136555,"py":1.2199695945112874,"pz":0.4634939651695477,"ry":287.96077962646524,"rx":5.497580501302962},"left_arm":{"px":1.300247692731258,"py":1.3525426200008925,"pz":0.9999343967901937,"ry":286.55912743355844,"rx":-70.92439393110556}}}