# This file was generated by Animated Java via MC-Build. It is not recommended to edit this file directly.
$data merge entity $(bone_head) {transformation: [-1f,0f,0f,0f,0f,0.8615f,0.5078f,1.5711f,0f,0.5078f,-0.8615f,-0.0529f,0f,0f,0f,1f],start_interpolation: 0,interpolation_duration: 1}
$data merge entity $(bone_right_arm1) {transformation: [-0.6029f,-0.7763f,0.184f,-0.2523f,-0.3478f,0.0482f,-0.9363f,1.4294f,0.718f,-0.6285f,-0.2991f,0.0843f,0f,0f,0f,1f],start_interpolation: 0,interpolation_duration: 1}
$data merge entity $(bone_left_arm1) {transformation: [-0.5679f,0.7824f,0.2557f,0.2095f,0.1824f,0.4225f,-0.8878f,1.2442f,-0.8026f,-0.4575f,-0.3827f,0.1403f,0f,0f,0f,1f],start_interpolation: 0,interpolation_duration: 1}
$data merge entity $(bone_body) {transformation: [-1f,0f,0f,0f,0f,0.9877f,-0.1561f,0.8303f,0f,-0.1561f,-0.9877f,0.0642f,0f,0f,0f,1f],start_interpolation: 0,interpolation_duration: 1}
$data merge entity $(bone_left_leg) {transformation: [-0.9994f,0.0177f,-0.031f,0.1506f,0.0153f,0.997f,0.0761f,0.8705f,0.0323f,0.0756f,-0.9966f,0.1235f,0f,0f,0f,1f],start_interpolation: 0,interpolation_duration: 1}
$data merge entity $(bone_right_leg) {transformation: [-0.9583f,-0.0133f,0.2856f,-0.1309f,0.011f,0.9965f,0.0833f,0.8705f,-0.2857f,0.083f,-0.9547f,0.0919f,0f,0f,0f,1f],start_interpolation: 0,interpolation_duration: 1}
$data merge entity $(bone_right_arm2) {transformation: [0f,0f,0f,-0.5625f,0f,0f,0f,1.3174f,0f,0f,0f,-0.0625f,0f,0f,0f,1f],start_interpolation: 0,interpolation_duration: 1}
$data merge entity $(bone_right_arm3) {transformation: [0f,0f,0f,-0.4375f,0f,0f,0f,1.1299f,0f,0f,0f,0.125f,0f,0f,0f,1f],start_interpolation: 0,interpolation_duration: 1}
$data merge entity $(bone_right_arm4) {transformation: [0f,0f,0f,-0.3125f,0f,0f,0f,1.5674f,0f,0f,0f,-0.125f,0f,0f,0f,1f],start_interpolation: 0,interpolation_duration: 1}
$data merge entity $(bone_left_arm2) {transformation: [0f,0f,0f,0.4375f,0f,0f,0f,1.2549f,0f,0f,0f,-0.125f,0f,0f,0f,1f],start_interpolation: 0,interpolation_duration: 1}
$data merge entity $(bone_left_arm3) {transformation: [0f,0f,0f,0.25f,0f,0f,0f,1.3799f,0f,0f,0f,0.125f,0f,0f,0f,1f],start_interpolation: 0,interpolation_duration: 1}
$data merge entity $(bone_left_arm4) {transformation: [0f,0f,0f,0.5f,0f,0f,0f,1.6299f,0f,0f,0f,-0.0625f,0f,0f,0f,1f],start_interpolation: 0,interpolation_duration: 1}
data modify entity @s data merge value {"cameras":{},"locators":{"right_arm":{"px":0.1951965246485748,"py":1.3775758375354656,"pz":0.5219336175657182,"ry":31.59635020467826,"rx":-69.4434362653452},"left_arm":{"px":-0.2440004618772323,"py":0.9687446877098631,"pz":0.4764135393998565,"ry":33.748711683920334,"rx":-62.59822798534947}}}