# This file was generated by Animated Java via MC-Build. It is not recommended to edit this file directly.
$data merge entity $(bone_head) {transformation: [-1f,0f,0f,0f,0f,0.9403f,0.3402f,1.4944f,0f,0.3402f,-0.9403f,-0.0156f,0f,0f,0f,1f],start_interpolation: 0,interpolation_duration: 1}
$data merge entity $(bone_right_arm1) {transformation: [-0.259f,-0.9525f,0.16f,-0.2791f,0.1765f,-0.2096f,-0.9617f,1.4448f,0.9496f,-0.2209f,0.2224f,0.2885f,0f,0f,0f,1f],start_interpolation: 0,interpolation_duration: 1}
$data merge entity $(bone_left_arm1) {transformation: [-0.1387f,0.9602f,0.2423f,0.2091f,-0.1092f,0.2284f,-0.9674f,1.2683f,-0.9843f,-0.1606f,0.0732f,0.1864f,0f,0f,0f,1f],start_interpolation: 0,interpolation_duration: 1}
$data merge entity $(bone_body) {transformation: [-1f,0f,0f,0f,0f,0.9859f,-0.1674f,0.755f,0f,-0.1674f,-0.9859f,0.11f,0f,0f,0f,1f],start_interpolation: 0,interpolation_duration: 1}
$data merge entity $(bone_left_leg) {transformation: [-0.9991f,0.0099f,-0.041f,0.1625f,0.0052f,0.9934f,0.1148f,0.8058f,0.0419f,0.1145f,-0.9925f,0.1453f,0f,0f,0f,1f],start_interpolation: 0,interpolation_duration: 1}
$data merge entity $(bone_right_leg) {transformation: [-0.9481f,-0.0151f,0.3177f,-0.1325f,0.0239f,0.9927f,0.1183f,0.8058f,-0.3171f,0.1197f,-0.9408f,0.1153f,0f,0f,0f,1f],start_interpolation: 0,interpolation_duration: 1}
$data merge entity $(bone_right_arm2) {transformation: [0f,0f,0f,-0.5625f,0f,0f,0f,1.233f,0f,0f,0f,-0.0625f,0f,0f,0f,1f],start_interpolation: 0,interpolation_duration: 1}
$data merge entity $(bone_right_arm3) {transformation: [0f,0f,0f,-0.4375f,0f,0f,0f,1.0455f,0f,0f,0f,0.125f,0f,0f,0f,1f],start_interpolation: 0,interpolation_duration: 1}
$data merge entity $(bone_right_arm4) {transformation: [0f,0f,0f,-0.3125f,0f,0f,0f,1.483f,0f,0f,0f,-0.125f,0f,0f,0f,1f],start_interpolation: 0,interpolation_duration: 1}
$data merge entity $(bone_left_arm2) {transformation: [0f,0f,0f,0.4375f,0f,0f,0f,1.1705f,0f,0f,0f,-0.125f,0f,0f,0f,1f],start_interpolation: 0,interpolation_duration: 1}
$data merge entity $(bone_left_arm3) {transformation: [0f,0f,0f,0.25f,0f,0f,0f,1.2955f,0f,0f,0f,0.125f,0f,0f,0f,1f],start_interpolation: 0,interpolation_duration: 1}
$data merge entity $(bone_left_arm4) {transformation: [0f,0f,0f,0.5f,0f,0f,0f,1.5455f,0f,0f,0f,-0.0625f,0f,0f,0f,1f],start_interpolation: 0,interpolation_duration: 1}
data modify entity @s data merge value {"cameras":{},"locators":{"right_arm":{"px":0.3000157572180512,"py":1.5868254513982791,"pz":0.4858485790073737,"ry":144.26480097699474,"rx":-74.09902845865922},"left_arm":{"px":-0.3824080324566502,"py":1.132344179610866,"pz":0.3483260368450558,"ry":106.81049503316544,"rx":-75.33577696975787}}}