# This file was generated by Animated Java via MC-Build. It is not recommended to edit this file directly.
$data merge entity $(bone_head) {transformation: [-1f,0f,0f,0f,0f,0.9863f,0.165f,1.4492f,0f,0.165f,-0.9863f,0.0037f,0f,0f,0f,1f],start_interpolation: 0,interpolation_duration: 1}
$data merge entity $(bone_right_arm1) {transformation: [-0.2434f,-0.9636f,0.1107f,-0.295f,0.2719f,-0.1773f,-0.9459f,1.4284f,0.931f,-0.2001f,0.3051f,0.3469f,0f,0f,0f,1f],start_interpolation: 0,interpolation_duration: 1}
$data merge entity $(bone_left_arm1) {transformation: [-0.1746f,0.9615f,0.2124f,0.2187f,-0.1286f,0.1916f,-0.973f,1.267f,-0.9762f,-0.1972f,0.0902f,0.1945f,0f,0f,0f,1f],start_interpolation: 0,interpolation_duration: 1}
$data merge entity $(bone_body) {transformation: [-1f,0f,0f,0f,0f,0.9848f,-0.1736f,0.7106f,0f,-0.1736f,-0.9848f,0.1339f,0f,0f,0f,1f],start_interpolation: 0,interpolation_duration: 1}
$data merge entity $(bone_left_leg) {transformation: [-0.9981f,-0.038f,-0.0478f,0.1693f,-0.0455f,0.9851f,0.1661f,0.768f,0.0408f,0.168f,-0.9849f,0.1688f,0f,0f,0f,1f],start_interpolation: 0,interpolation_duration: 1}
$data merge entity $(bone_right_leg) {transformation: [-0.9494f,0.0061f,0.3141f,-0.1415f,0.0567f,0.9867f,0.1523f,0.768f,-0.309f,0.1625f,-0.9371f,0.1478f,0f,0f,0f,1f],start_interpolation: 0,interpolation_duration: 1}
$data merge entity $(bone_right_arm2) {transformation: [0f,0f,0f,-0.5625f,0f,0f,0f,1.1838f,0f,0f,0f,-0.0625f,0f,0f,0f,1f],start_interpolation: 0,interpolation_duration: 1}
$data merge entity $(bone_right_arm3) {transformation: [0f,0f,0f,-0.4375f,0f,0f,0f,0.9963f,0f,0f,0f,0.125f,0f,0f,0f,1f],start_interpolation: 0,interpolation_duration: 1}
$data merge entity $(bone_right_arm4) {transformation: [0f,0f,0f,-0.3125f,0f,0f,0f,1.4338f,0f,0f,0f,-0.125f,0f,0f,0f,1f],start_interpolation: 0,interpolation_duration: 1}
$data merge entity $(bone_left_arm2) {transformation: [0f,0f,0f,0.4375f,0f,0f,0f,1.1213f,0f,0f,0f,-0.125f,0f,0f,0f,1f],start_interpolation: 0,interpolation_duration: 1}
$data merge entity $(bone_left_arm3) {transformation: [0f,0f,0f,0.25f,0f,0f,0f,1.2463f,0f,0f,0f,0.125f,0f,0f,0f,1f],start_interpolation: 0,interpolation_duration: 1}
$data merge entity $(bone_left_arm4) {transformation: [0f,0f,0f,0.5f,0f,0f,0f,1.4963f,0f,0f,0f,-0.0625f,0f,0f,0f,1f],start_interpolation: 0,interpolation_duration: 1}
data modify entity @s data merge value {"cameras":{},"locators":{"right_arm":{"px":0.29203817737579985,"py":1.556261854968917,"pz":0.5301472322692672,"ry":160.06227771226906,"rx":-71.05907077789215},"left_arm":{"px":-0.37125144281811856,"py":1.1553363232574367,"pz":0.3787524276362833,"ry":113.00293616365448,"rx":-76.66147658438179}}}