# This file was generated by Animated Java via MC-Build. It is not recommended to edit this file directly.
$data merge entity $(bone_head) {transformation: [-1f,0f,0f,0f,0f,0.9839f,-0.179f,1.4306f,0f,-0.179f,-0.9839f,0.003f,0f,0f,0f,1f],start_interpolation: 0,interpolation_duration: 1}
$data merge entity $(bone_right_arm1) {transformation: [-0.8068f,-0.2953f,-0.5118f,-0.3134f,0.5902f,-0.4448f,-0.6737f,1.354f,-0.0287f,-0.8455f,0.5332f,0.2008f,0f,0f,0f,1f],start_interpolation: 0,interpolation_duration: 1}
$data merge entity $(bone_left_arm1) {transformation: [-0.9592f,0.077f,0.2722f,0.2578f,-0.2767f,-0.0555f,-0.9594f,1.25f,-0.0588f,-0.9955f,0.0745f,0.1358f,0f,0f,0f,1f],start_interpolation: 0,interpolation_duration: 1}
$data merge entity $(bone_body) {transformation: [-1f,0f,0f,0f,0f,0.9814f,-0.1918f,0.6945f,0f,-0.1918f,-0.9814f,0.1468f,0f,0f,0f,1f],start_interpolation: 0,interpolation_duration: 1}
$data merge entity $(bone_left_leg) {transformation: [-0.9856f,-0.1556f,-0.0654f,0.1706f,-0.1671f,0.9542f,0.2481f,0.7517f,0.0238f,0.2555f,-0.9665f,0.2006f,0f,0f,0f,1f],start_interpolation: 0,interpolation_duration: 1}
$data merge entity $(bone_right_leg) {transformation: [-0.962f,0.0736f,0.263f,-0.1636f,0.129f,0.9712f,0.2003f,0.7517f,-0.2407f,0.2266f,-0.9438f,0.2017f,0f,0f,0f,1f],start_interpolation: 0,interpolation_duration: 1}
$data merge entity $(bone_right_arm2) {transformation: [0f,0f,0f,-0.5625f,0f,0f,0f,1.1651f,0f,0f,0f,-0.0625f,0f,0f,0f,1f],start_interpolation: 0,interpolation_duration: 1}
$data merge entity $(bone_right_arm3) {transformation: [0f,0f,0f,-0.4375f,0f,0f,0f,0.9776f,0f,0f,0f,0.125f,0f,0f,0f,1f],start_interpolation: 0,interpolation_duration: 1}
$data merge entity $(bone_right_arm4) {transformation: [0f,0f,0f,-0.3125f,0f,0f,0f,1.4151f,0f,0f,0f,-0.125f,0f,0f,0f,1f],start_interpolation: 0,interpolation_duration: 1}
$data merge entity $(bone_left_arm2) {transformation: [0f,0f,0f,0.4375f,0f,0f,0f,1.1026f,0f,0f,0f,-0.125f,0f,0f,0f,1f],start_interpolation: 0,interpolation_duration: 1}
$data merge entity $(bone_left_arm3) {transformation: [0f,0f,0f,0.25f,0f,0f,0f,1.2276f,0f,0f,0f,0.125f,0f,0f,0f,1f],start_interpolation: 0,interpolation_duration: 1}
$data merge entity $(bone_left_arm4) {transformation: [0f,0f,0f,0.5f,0f,0f,0f,1.4776f,0f,0f,0f,-0.0625f,0f,0f,0f,1f],start_interpolation: 0,interpolation_duration: 1}
data modify entity @s data merge value {"cameras":{},"locators":{"right_arm":{"px":-0.17927381544217696,"py":1.6688664178162498,"pz":0.7274801044253861,"ry":223.82681416773252,"rx":-42.35186435001234},"left_arm":{"px":0.26961736701462713,"py":1.3019423045934813,"pz":0.761621800690466,"ry":105.31744753033928,"rx":-73.6079702482277}}}
execute on vehicle unless entity @s[tag=aj.transforms_only] at @s run function animated_java:the_world/animations/anim/zzz/frames/31_root_function