# This file was generated by Animated Java via MC-Build. It is not recommended to edit this file directly.
$data merge entity $(bone_head) {transformation: [-1f,0f,0f,0f,0f,0.8754f,-0.4834f,1.4608f,0f,-0.4834f,-0.8754f,0.0089f,0f,0f,0f,1f],start_interpolation: 0,interpolation_duration: 1}
$data merge entity $(bone_right_arm1) {transformation: [-0.1214f,0.6761f,-0.7267f,-0.3285f,-0.1024f,-0.7368f,-0.6683f,1.2952f,-0.9873f,-0.0067f,0.1587f,0.0122f,0f,0f,0f,1f],start_interpolation: 0,interpolation_duration: 1}
$data merge entity $(bone_left_arm1) {transformation: [-0.091f,-0.4934f,0.865f,0.3016f,0.114f,-0.8681f,-0.4832f,1.2576f,0.9893f,0.0547f,0.1352f,0.0768f,0f,0f,0f,1f],start_interpolation: 0,interpolation_duration: 1}
$data merge entity $(bone_body) {transformation: [-1f,0f,0f,0f,0f,0.9777f,-0.2098f,0.7275f,0f,-0.2098f,-0.9777f,0.1663f,0f,0f,0f,1f],start_interpolation: 0,interpolation_duration: 1}
$data merge entity $(bone_left_leg) {transformation: [-0.9593f,-0.2637f,-0.1009f,0.1711f,-0.2823f,0.9042f,0.3207f,0.781f,0.0067f,0.3361f,-0.9418f,0.23f,0f,0f,0f,1f],start_interpolation: 0,interpolation_duration: 1}
$data merge entity $(bone_right_leg) {transformation: [-0.9649f,0.145f,0.2192f,-0.185f,0.1995f,0.947f,0.2517f,0.781f,-0.1711f,0.2866f,-0.9426f,0.2525f,0f,0f,0f,1f],start_interpolation: 0,interpolation_duration: 1}
$data merge entity $(bone_right_arm2) {transformation: [0f,0f,0f,-0.5625f,0f,0f,0f,1.1935f,0f,0f,0f,-0.0625f,0f,0f,0f,1f],start_interpolation: 0,interpolation_duration: 1}
$data merge entity $(bone_right_arm3) {transformation: [0f,0f,0f,-0.4375f,0f,0f,0f,1.006f,0f,0f,0f,0.125f,0f,0f,0f,1f],start_interpolation: 0,interpolation_duration: 1}
$data merge entity $(bone_right_arm4) {transformation: [0f,0f,0f,-0.3125f,0f,0f,0f,1.4435f,0f,0f,0f,-0.125f,0f,0f,0f,1f],start_interpolation: 0,interpolation_duration: 1}
$data merge entity $(bone_left_arm2) {transformation: [0f,0f,0f,0.4375f,0f,0f,0f,1.131f,0f,0f,0f,-0.125f,0f,0f,0f,1f],start_interpolation: 0,interpolation_duration: 1}
$data merge entity $(bone_left_arm3) {transformation: [0f,0f,0f,0.25f,0f,0f,0f,1.256f,0f,0f,0f,0.125f,0f,0f,0f,1f],start_interpolation: 0,interpolation_duration: 1}
$data merge entity $(bone_left_arm4) {transformation: [0f,0f,0f,0.5f,0f,0f,0f,1.506f,0f,0f,0f,-0.0625f,0f,0f,0f,1f],start_interpolation: 0,interpolation_duration: 1}
data modify entity @s data merge value {"cameras":{},"locators":{"right_arm":{"px":-0.7586149716588145,"py":1.7492719263895138,"pz":-0.045293662058657494,"ry":257.6850753101654,"rx":-41.93833950065097},"left_arm":{"px":0.6156888775556586,"py":1.7930737744507812,"pz":-0.019197911156039485,"ry":98.88515227956951,"rx":-28.891609284778532}}}