# This file was generated by Animated Java via MC-Build. It is not recommended to edit this file directly.
$data merge entity $(bone_head) {transformation: [-1f,0f,0f,0f,0f,0.885f,-0.4655f,1.4859f,0f,-0.4655f,-0.885f,0.0087f,0f,0f,0f,1f],start_interpolation: 0,interpolation_duration: 1}
$data merge entity $(bone_right_arm1) {transformation: [-0.0934f,0.6562f,-0.7488f,-0.329f,-0.1283f,-0.7538f,-0.6445f,1.3193f,-0.9873f,0.0358f,0.1546f,0.0091f,0f,0f,0f,1f],start_interpolation: 0,interpolation_duration: 1}
$data merge entity $(bone_left_arm1) {transformation: [-0.0643f,-0.4506f,0.8904f,0.3021f,0.1423f,-0.8873f,-0.4388f,1.2824f,0.9877f,0.0985f,0.1211f,0.0764f,0f,0f,0f,1f],start_interpolation: 0,interpolation_duration: 1}
$data merge entity $(bone_body) {transformation: [-1f,0f,0f,0f,0f,0.9773f,-0.2121f,0.753f,0f,-0.2121f,-0.9773f,0.1677f,0f,0f,0f,1f],start_interpolation: 0,interpolation_duration: 1}
$data merge entity $(bone_left_leg) {transformation: [-0.9574f,-0.269f,-0.1047f,0.1719f,-0.2886f,0.9002f,0.3262f,0.8069f,0.0065f,0.3426f,-0.9395f,0.2329f,0f,0f,0f,1f],start_interpolation: 0,interpolation_duration: 1}
$data merge entity $(bone_right_leg) {transformation: [-0.9642f,0.1483f,0.22f,-0.1862f,0.2038f,0.9448f,0.2564f,0.8069f,-0.1698f,0.2921f,-0.9412f,0.2566f,0f,0f,0f,1f],start_interpolation: 0,interpolation_duration: 1}
$data merge entity $(bone_right_arm2) {transformation: [0f,0f,0f,-0.5625f,0f,0f,0f,1.218f,0f,0f,0f,-0.0625f,0f,0f,0f,1f],start_interpolation: 0,interpolation_duration: 1}
$data merge entity $(bone_right_arm3) {transformation: [0f,0f,0f,-0.4375f,0f,0f,0f,1.0305f,0f,0f,0f,0.125f,0f,0f,0f,1f],start_interpolation: 0,interpolation_duration: 1}
$data merge entity $(bone_right_arm4) {transformation: [0f,0f,0f,-0.3125f,0f,0f,0f,1.468f,0f,0f,0f,-0.125f,0f,0f,0f,1f],start_interpolation: 0,interpolation_duration: 1}
$data merge entity $(bone_left_arm2) {transformation: [0f,0f,0f,0.4375f,0f,0f,0f,1.1555f,0f,0f,0f,-0.125f,0f,0f,0f,1f],start_interpolation: 0,interpolation_duration: 1}
$data merge entity $(bone_left_arm3) {transformation: [0f,0f,0f,0.25f,0f,0f,0f,1.2805f,0f,0f,0f,0.125f,0f,0f,0f,1f],start_interpolation: 0,interpolation_duration: 1}
$data merge entity $(bone_left_arm4) {transformation: [0f,0f,0f,0.5f,0f,0f,0f,1.5305f,0f,0f,0f,-0.0625f,0f,0f,0f,1f],start_interpolation: 0,interpolation_duration: 1}
data modify entity @s data merge value {"cameras":{},"locators":{"right_arm":{"px":-0.7449310244586671,"py":1.7823847397282435,"pz":-0.07499972658582767,"ry":258.33445488176835,"rx":-40.12931165926712},"left_arm":{"px":0.5877805216305589,"py":1.8280501914292098,"pz":-0.04684274159436573,"ry":97.74705515334266,"rx":-26.025336693860897}}}