# This file was generated by Animated Java via MC-Build. It is not recommended to edit this file directly.
$data merge entity $(bone_head) {transformation: [-1f,-0.0002f,-0.0006f,0f,0.0001f,0.8844f,-0.4667f,1.4997f,0.0006f,-0.4667f,-0.8844f,0.0079f,0f,0f,0f,1f],start_interpolation: 0,interpolation_duration: 1}
$data merge entity $(bone_right_arm1) {transformation: [-0.0874f,0.6432f,-0.7607f,-0.3291f,-0.1343f,-0.7642f,-0.6308f,1.3332f,-0.9871f,0.047f,0.1531f,0.0083f,0f,0f,0f,1f],start_interpolation: 0,interpolation_duration: 1}
$data merge entity $(bone_left_arm1) {transformation: [-0.0588f,-0.4328f,0.8995f,0.302f,0.1487f,-0.8949f,-0.4209f,1.2961f,0.9871f,0.109f,0.117f,0.0762f,0f,0f,0f,1f],start_interpolation: 0,interpolation_duration: 1}
$data merge entity $(bone_body) {transformation: [-1f,0f,0f,0f,0f,0.977f,-0.2131f,0.7669f,0f,-0.2131f,-0.977f,0.1678f,0f,0f,0f,1f],start_interpolation: 0,interpolation_duration: 1}
$data merge entity $(bone_left_leg) {transformation: [-0.9568f,-0.2708f,-0.1063f,0.1724f,-0.2908f,0.8986f,0.3285f,0.8211f,0.0066f,0.3452f,-0.9385f,0.2342f,0f,0f,0f,1f],start_interpolation: 0,interpolation_duration: 1}
$data merge entity $(bone_right_leg) {transformation: [-0.9638f,0.1493f,0.2207f,-0.1866f,0.2054f,0.944f,0.2583f,0.8211f,-0.1698f,0.2943f,-0.9405f,0.2583f,0f,0f,0f,1f],start_interpolation: 0,interpolation_duration: 1}
$data merge entity $(bone_right_arm2) {transformation: [0f,0f,0f,-0.5625f,0f,0f,0f,1.2315f,0f,0f,0f,-0.0625f,0f,0f,0f,1f],start_interpolation: 0,interpolation_duration: 1}
$data merge entity $(bone_right_arm3) {transformation: [0f,0f,0f,-0.4375f,0f,0f,0f,1.044f,0f,0f,0f,0.125f,0f,0f,0f,1f],start_interpolation: 0,interpolation_duration: 1}
$data merge entity $(bone_right_arm4) {transformation: [0f,0f,0f,-0.3125f,0f,0f,0f,1.4815f,0f,0f,0f,-0.125f,0f,0f,0f,1f],start_interpolation: 0,interpolation_duration: 1}
$data merge entity $(bone_left_arm2) {transformation: [0f,0f,0f,0.4375f,0f,0f,0f,1.169f,0f,0f,0f,-0.125f,0f,0f,0f,1f],start_interpolation: 0,interpolation_duration: 1}
$data merge entity $(bone_left_arm3) {transformation: [0f,0f,0f,0.25f,0f,0f,0f,1.294f,0f,0f,0f,0.125f,0f,0f,0f,1f],start_interpolation: 0,interpolation_duration: 1}
$data merge entity $(bone_left_arm4) {transformation: [0f,0f,0f,0.5f,0f,0f,0f,1.544f,0f,0f,0f,-0.0625f,0f,0f,0f,1f],start_interpolation: 0,interpolation_duration: 1}
data modify entity @s data merge value {"cameras":{},"locators":{"right_arm":{"px":-0.7365891310567629,"py":1.8024551447457018,"pz":-0.08280279603231061,"ry":258.61669365244825,"rx":-39.11033910190546},"left_arm":{"px":0.5762313039084799,"py":1.8460522928522674,"pz":-0.053650299747890706,"ry":97.4086188572548,"rx":-24.8893330091907}}}