# This file was generated by Animated Java via MC-Build. It is not recommended to edit this file directly.
$data merge entity $(bone_head) {transformation: [-1f,-0.0006f,-0.0022f,0f,0.0005f,0.8837f,-0.4681f,1.5138f,0.0022f,-0.4681f,-0.8837f,0.0069f,0f,0f,0f,1f],start_interpolation: 0,interpolation_duration: 1}
$data merge entity $(bone_right_arm1) {transformation: [-0.0859f,0.6294f,-0.7723f,-0.3292f,-0.1361f,-0.7753f,-0.6167f,1.3478f,-0.987f,0.0521f,0.1523f,0.0079f,0f,0f,0f,1f],start_interpolation: 0,interpolation_duration: 1}
$data merge entity $(bone_left_arm1) {transformation: [-0.0578f,-0.4182f,0.9065f,0.3018f,0.1504f,-0.9013f,-0.4062f,1.3101f,0.9869f,0.1129f,0.115f,0.0759f,0f,0f,0f,1f],start_interpolation: 0,interpolation_duration: 1}
$data merge entity $(bone_body) {transformation: [-1f,0f,0f,0f,0f,0.9768f,-0.2141f,0.7812f,0f,-0.2141f,-0.9768f,0.1675f,0f,0f,0f,1f],start_interpolation: 0,interpolation_duration: 1}
$data merge entity $(bone_left_leg) {transformation: [-0.9563f,-0.272f,-0.1076f,0.1728f,-0.2924f,0.8974f,0.3303f,0.8357f,0.0067f,0.3473f,-0.9377f,0.2353f,0f,0f,0f,1f],start_interpolation: 0,interpolation_duration: 1}
$data merge entity $(bone_right_leg) {transformation: [-0.9635f,0.15f,0.2217f,-0.1869f,0.2066f,0.9433f,0.2599f,0.8357f,-0.1701f,0.2962f,-0.9398f,0.2597f,0f,0f,0f,1f],start_interpolation: 0,interpolation_duration: 1}
$data merge entity $(bone_right_arm2) {transformation: [0f,0f,0f,-0.5625f,0f,0f,0f,1.2454f,0f,0f,0f,-0.0625f,0f,0f,0f,1f],start_interpolation: 0,interpolation_duration: 1}
$data merge entity $(bone_right_arm3) {transformation: [0f,0f,0f,-0.4375f,0f,0f,0f,1.0579f,0f,0f,0f,0.125f,0f,0f,0f,1f],start_interpolation: 0,interpolation_duration: 1}
$data merge entity $(bone_right_arm4) {transformation: [0f,0f,0f,-0.3125f,0f,0f,0f,1.4954f,0f,0f,0f,-0.125f,0f,0f,0f,1f],start_interpolation: 0,interpolation_duration: 1}
$data merge entity $(bone_left_arm2) {transformation: [0f,0f,0f,0.4375f,0f,0f,0f,1.1829f,0f,0f,0f,-0.125f,0f,0f,0f,1f],start_interpolation: 0,interpolation_duration: 1}
$data merge entity $(bone_left_arm3) {transformation: [0f,0f,0f,0.25f,0f,0f,0f,1.3079f,0f,0f,0f,0.125f,0f,0f,0f,1f],start_interpolation: 0,interpolation_duration: 1}
$data merge entity $(bone_left_arm4) {transformation: [0f,0f,0f,0.5f,0f,0f,0f,1.5579f,0f,0f,0f,-0.0625f,0f,0f,0f,1f],start_interpolation: 0,interpolation_duration: 1}
data modify entity @s data merge value {"cameras":{},"locators":{"right_arm":{"px":-0.727923653787512,"py":1.8238724703065183,"pz":-0.0863849413612224,"ry":258.84536549392,"rx":-38.078772247549885},"left_arm":{"px":0.5667569296288573,"py":1.864044823373874,"pz":-0.056377611335238595,"ry":97.22902706096716,"rx":-23.969239797982983}}}