# This file was generated by Animated Java via MC-Build. It is not recommended to edit this file directly.
$data merge entity $(bone_head) {transformation: [-1f,-0.0013f,-0.0045f,0f,0.001f,0.8828f,-0.4697f,1.5279f,0.0046f,-0.4697f,-0.8828f,0.0056f,0f,0f,0f,1f],start_interpolation: 0,interpolation_duration: 1}
$data merge entity $(bone_right_arm1) {transformation: [-0.0885f,0.6156f,-0.7831f,-0.3291f,-0.1342f,-0.7864f,-0.603f,1.3627f,-0.987f,0.0517f,0.1522f,0.0079f,0f,0f,0f,1f],start_interpolation: 0,interpolation_duration: 1}
$data merge entity $(bone_left_arm1) {transformation: [-0.0607f,-0.4072f,0.9113f,0.3013f,0.1479f,-0.9066f,-0.3952f,1.3243f,0.9871f,0.1108f,0.1153f,0.0755f,0f,0f,0f,1f],start_interpolation: 0,interpolation_duration: 1}
$data merge entity $(bone_body) {transformation: [-1f,0f,0f,0f,0f,0.9766f,-0.215f,0.7955f,0f,-0.215f,-0.9766f,0.1669f,0f,0f,0f,1f],start_interpolation: 0,interpolation_duration: 1}
$data merge entity $(bone_left_leg) {transformation: [-0.956f,-0.2726f,-0.1086f,0.1732f,-0.2934f,0.8966f,0.3317f,0.8504f,0.0069f,0.349f,-0.9371f,0.2361f,0f,0f,0f,1f],start_interpolation: 0,interpolation_duration: 1}
$data merge entity $(bone_right_leg) {transformation: [-0.9632f,0.1502f,0.2227f,-0.1871f,0.2074f,0.9428f,0.2611f,0.8504f,-0.1707f,0.2977f,-0.9393f,0.2607f,0f,0f,0f,1f],start_interpolation: 0,interpolation_duration: 1}
$data merge entity $(bone_right_arm2) {transformation: [0f,0f,0f,-0.5625f,0f,0f,0f,1.2595f,0f,0f,0f,-0.0625f,0f,0f,0f,1f],start_interpolation: 0,interpolation_duration: 1}
$data merge entity $(bone_right_arm3) {transformation: [0f,0f,0f,-0.4375f,0f,0f,0f,1.072f,0f,0f,0f,0.125f,0f,0f,0f,1f],start_interpolation: 0,interpolation_duration: 1}
$data merge entity $(bone_right_arm4) {transformation: [0f,0f,0f,-0.3125f,0f,0f,0f,1.5095f,0f,0f,0f,-0.125f,0f,0f,0f,1f],start_interpolation: 0,interpolation_duration: 1}
$data merge entity $(bone_left_arm2) {transformation: [0f,0f,0f,0.4375f,0f,0f,0f,1.197f,0f,0f,0f,-0.125f,0f,0f,0f,1f],start_interpolation: 0,interpolation_duration: 1}
$data merge entity $(bone_left_arm3) {transformation: [0f,0f,0f,0.25f,0f,0f,0f,1.322f,0f,0f,0f,0.125f,0f,0f,0f,1f],start_interpolation: 0,interpolation_duration: 1}
$data merge entity $(bone_left_arm4) {transformation: [0f,0f,0f,0.5f,0f,0f,0f,1.572f,0f,0f,0f,-0.0625f,0f,0f,0f,1f],start_interpolation: 0,interpolation_duration: 1}
data modify entity @s data merge value {"cameras":{},"locators":{"right_arm":{"px":-0.7193952157433334,"py":1.8458537302381441,"pz":-0.08610113368365155,"ry":259.00132624010405,"rx":-37.08295791943172},"left_arm":{"px":0.5596185830259698,"py":1.8816660318007998,"pz":-0.05543751914963857,"ry":97.20788720149176,"rx":-23.280994545652174}}}