# This file was generated by Animated Java via MC-Build. It is not recommended to edit this file directly.
$data merge entity $(bone_head) {transformation: [-1f,-0.0021f,-0.0073f,0f,0.0016f,0.882f,-0.4713f,1.5418f,0.0075f,-0.4713f,-0.882f,0.0043f,0f,0f,0f,1f],start_interpolation: 0,interpolation_duration: 1}
$data merge entity $(bone_right_arm1) {transformation: [-0.0947f,0.6023f,-0.7926f,-0.3291f,-0.1289f,-0.7969f,-0.5902f,1.3776f,-0.9871f,0.0463f,0.1531f,0.0083f,0f,0f,0f,1f],start_interpolation: 0,interpolation_duration: 1}
$data merge entity $(bone_left_arm1) {transformation: [-0.067f,-0.4001f,0.914f,0.3008f,0.1417f,-0.9106f,-0.3882f,1.3382f,0.9876f,0.1035f,0.1177f,0.0752f,0f,0f,0f,1f],start_interpolation: 0,interpolation_duration: 1}
$data merge entity $(bone_body) {transformation: [-1f,0f,0f,0f,0f,0.9765f,-0.2157f,0.8094f,0f,-0.2157f,-0.9765f,0.166f,0f,0f,0f,1f],start_interpolation: 0,interpolation_duration: 1}
$data merge entity $(bone_left_leg) {transformation: [-0.9559f,-0.2727f,-0.1092f,0.1735f,-0.2937f,0.8962f,0.3326f,0.8647f,0.0072f,0.35f,-0.9367f,0.2368f,0f,0f,0f,1f],start_interpolation: 0,interpolation_duration: 1}
$data merge entity $(bone_right_leg) {transformation: [-0.963f,0.1501f,0.2238f,-0.1871f,0.2078f,0.9425f,0.2619f,0.8647f,-0.1716f,0.2987f,-0.9388f,0.2614f,0f,0f,0f,1f],start_interpolation: 0,interpolation_duration: 1}
$data merge entity $(bone_right_arm2) {transformation: [0f,0f,0f,-0.5625f,0f,0f,0f,1.2733f,0f,0f,0f,-0.0625f,0f,0f,0f,1f],start_interpolation: 0,interpolation_duration: 1}
$data merge entity $(bone_right_arm3) {transformation: [0f,0f,0f,-0.4375f,0f,0f,0f,1.0858f,0f,0f,0f,0.125f,0f,0f,0f,1f],start_interpolation: 0,interpolation_duration: 1}
$data merge entity $(bone_right_arm4) {transformation: [0f,0f,0f,-0.3125f,0f,0f,0f,1.5233f,0f,0f,0f,-0.125f,0f,0f,0f,1f],start_interpolation: 0,interpolation_duration: 1}
$data merge entity $(bone_left_arm2) {transformation: [0f,0f,0f,0.4375f,0f,0f,0f,1.2108f,0f,0f,0f,-0.125f,0f,0f,0f,1f],start_interpolation: 0,interpolation_duration: 1}
$data merge entity $(bone_left_arm3) {transformation: [0f,0f,0f,0.25f,0f,0f,0f,1.3358f,0f,0f,0f,0.125f,0f,0f,0f,1f],start_interpolation: 0,interpolation_duration: 1}
$data merge entity $(bone_left_arm4) {transformation: [0f,0f,0f,0.5f,0f,0f,0f,1.5858f,0f,0f,0f,-0.0625f,0f,0f,0f,1f],start_interpolation: 0,interpolation_duration: 1}
data modify entity @s data merge value {"cameras":{},"locators":{"right_arm":{"px":-0.711447189431045,"py":1.8676050035456886,"pz":-0.0822999333323578,"ry":259.06903700755504,"rx":-36.172334171847446},"left_arm":{"px":0.555025525825219,"py":1.8984891582739387,"pz":-0.05121061183968681,"ry":97.34051871470072,"rx":-22.842560831712262}}}