# This file was generated by Animated Java via MC-Build. It is not recommended to edit this file directly.
$data merge entity $(bone_head) {transformation: [-0.9999f,-0.0029f,-0.0103f,0f,0.0023f,0.8812f,-0.4727f,1.555f,0.0105f,-0.4727f,-0.8812f,0.0028f,0f,0f,0f,1f],start_interpolation: 0,interpolation_duration: 1}
$data merge entity $(bone_right_arm1) {transformation: [-0.104f,0.5905f,-0.8003f,-0.3289f,-0.1206f,-0.8062f,-0.5792f,1.392f,-0.9872f,0.0363f,0.155f,0.009f,0f,0f,0f,1f],start_interpolation: 0,interpolation_duration: 1}
$data merge entity $(bone_left_arm1) {transformation: [-0.0764f,-0.3971f,0.9146f,0.3002f,0.1323f,-0.9132f,-0.3855f,1.3516f,0.9883f,0.0915f,0.1223f,0.0749f,0f,0f,0f,1f],start_interpolation: 0,interpolation_duration: 1}
$data merge entity $(bone_body) {transformation: [-1f,0f,0f,0f,0f,0.9764f,-0.2162f,0.8227f,0f,-0.2162f,-0.9764f,0.165f,0f,0f,0f,1f],start_interpolation: 0,interpolation_duration: 1}
$data merge entity $(bone_left_leg) {transformation: [-0.956f,-0.2723f,-0.1095f,0.1737f,-0.2934f,0.8961f,0.333f,0.8784f,0.0074f,0.3505f,-0.9365f,0.2371f,0f,0f,0f,1f],start_interpolation: 0,interpolation_duration: 1}
$data merge entity $(bone_right_leg) {transformation: [-0.9628f,0.1497f,0.2248f,-0.1871f,0.2078f,0.9424f,0.2623f,0.8784f,-0.1726f,0.2992f,-0.9384f,0.2617f,0f,0f,0f,1f],start_interpolation: 0,interpolation_duration: 1}
$data merge entity $(bone_right_arm2) {transformation: [0f,0f,0f,-0.5625f,0f,0f,0f,1.2865f,0f,0f,0f,-0.0625f,0f,0f,0f,1f],start_interpolation: 0,interpolation_duration: 1}
$data merge entity $(bone_right_arm3) {transformation: [0f,0f,0f,-0.4375f,0f,0f,0f,1.099f,0f,0f,0f,0.125f,0f,0f,0f,1f],start_interpolation: 0,interpolation_duration: 1}
$data merge entity $(bone_right_arm4) {transformation: [0f,0f,0f,-0.3125f,0f,0f,0f,1.5365f,0f,0f,0f,-0.125f,0f,0f,0f,1f],start_interpolation: 0,interpolation_duration: 1}
$data merge entity $(bone_left_arm2) {transformation: [0f,0f,0f,0.4375f,0f,0f,0f,1.224f,0f,0f,0f,-0.125f,0f,0f,0f,1f],start_interpolation: 0,interpolation_duration: 1}
$data merge entity $(bone_left_arm3) {transformation: [0f,0f,0f,0.25f,0f,0f,0f,1.349f,0f,0f,0f,0.125f,0f,0f,0f,1f],start_interpolation: 0,interpolation_duration: 1}
$data merge entity $(bone_left_arm4) {transformation: [0f,0f,0f,0.5f,0f,0f,0f,1.599f,0f,0f,0f,-0.0625f,0f,0f,0f,1f],start_interpolation: 0,interpolation_duration: 1}
data modify entity @s data merge value {"cameras":{},"locators":{"right_arm":{"px":-0.70451586938667,"py":1.8883308154331946,"pz":-0.07532114696079356,"ry":259.0384635412318,"rx":-35.397693591256825},"left_arm":{"px":0.5531480729232809,"py":1.9140312304657299,"pz":-0.04404487159789486,"ry":97.61749142495749,"rx":-22.67362973942083}}}