# This file was generated by Animated Java via MC-Build. It is not recommended to edit this file directly.
$data merge entity $(bone_head) {transformation: [-0.9999f,-0.0037f,-0.0132f,0f,0.003f,0.8806f,-0.4739f,1.5673f,0.0134f,-0.4739f,-0.8805f,0.0014f,0f,0f,0f,1f],start_interpolation: 0,interpolation_duration: 1}
$data merge entity $(bone_right_arm1) {transformation: [-0.1159f,0.5809f,-0.8057f,-0.3287f,-0.1097f,-0.8137f,-0.5709f,1.4055f,-0.9872f,0.0222f,0.158f,0.0101f,0f,0f,0f,1f],start_interpolation: 0,interpolation_duration: 1}
$data merge entity $(bone_left_arm1) {transformation: [-0.0884f,-0.3986f,0.9129f,0.2995f,0.1201f,-0.914f,-0.3874f,1.364f,0.9888f,0.0754f,0.1287f,0.0747f,0f,0f,0f,1f],start_interpolation: 0,interpolation_duration: 1}
$data merge entity $(bone_body) {transformation: [-1f,0f,0f,0f,0f,0.9763f,-0.2164f,0.835f,0f,-0.2164f,-0.9763f,0.1638f,0f,0f,0f,1f],start_interpolation: 0,interpolation_duration: 1}
$data merge entity $(bone_left_leg) {transformation: [-0.9562f,-0.2714f,-0.1094f,0.1739f,-0.2925f,0.8965f,0.3329f,0.8911f,0.0077f,0.3503f,-0.9366f,0.2372f,0f,0f,0f,1f],start_interpolation: 0,interpolation_duration: 1}
$data merge entity $(bone_right_leg) {transformation: [-0.9627f,0.1489f,0.2257f,-0.1869f,0.2073f,0.9425f,0.2622f,0.8911f,-0.1737f,0.2992f,-0.9382f,0.2615f,0f,0f,0f,1f],start_interpolation: 0,interpolation_duration: 1}
$data merge entity $(bone_right_arm2) {transformation: [0f,0f,0f,-0.5625f,0f,0f,0f,1.2989f,0f,0f,0f,-0.0625f,0f,0f,0f,1f],start_interpolation: 0,interpolation_duration: 1}
$data merge entity $(bone_right_arm3) {transformation: [0f,0f,0f,-0.4375f,0f,0f,0f,1.1114f,0f,0f,0f,0.125f,0f,0f,0f,1f],start_interpolation: 0,interpolation_duration: 1}
$data merge entity $(bone_right_arm4) {transformation: [0f,0f,0f,-0.3125f,0f,0f,0f,1.5489f,0f,0f,0f,-0.125f,0f,0f,0f,1f],start_interpolation: 0,interpolation_duration: 1}
$data merge entity $(bone_left_arm2) {transformation: [0f,0f,0f,0.4375f,0f,0f,0f,1.2364f,0f,0f,0f,-0.125f,0f,0f,0f,1f],start_interpolation: 0,interpolation_duration: 1}
$data merge entity $(bone_left_arm3) {transformation: [0f,0f,0f,0.25f,0f,0f,0f,1.3614f,0f,0f,0f,0.125f,0f,0f,0f,1f],start_interpolation: 0,interpolation_duration: 1}
$data merge entity $(bone_left_arm4) {transformation: [0f,0f,0f,0.5f,0f,0f,0f,1.6114f,0f,0f,0f,-0.0625f,0f,0f,0f,1f],start_interpolation: 0,interpolation_duration: 1}
data modify entity @s data merge value {"cameras":{},"locators":{"right_arm":{"px":-0.6990355529602321,"py":1.9072380290018056,"pz":-0.06549310149114389,"ry":258.906183876868,"rx":-34.81117223037175},"left_arm":{"px":0.5541267820204521,"py":1.9277592943877062,"pz":-0.034257658578593406,"ry":98.02442131692302,"rx":-22.7951414919471}}}