# This file was generated by Animated Java via MC-Build. It is not recommended to edit this file directly.
$data merge entity $(bone_head) {transformation: [-0.9999f,-0.0045f,-0.0157f,0f,0.0035f,0.8801f,-0.4747f,1.5783f,0.016f,-0.4747f,-0.88f,0.0002f,0f,0f,0f,1f],start_interpolation: 0,interpolation_duration: 1}
$data merge entity $(bone_right_arm1) {transformation: [-0.13f,0.5741f,-0.8084f,-0.3285f,-0.0966f,-0.8188f,-0.5659f,1.4178f,-0.9868f,0.0045f,0.1619f,0.0114f,0f,0f,0f,1f],start_interpolation: 0,interpolation_duration: 1}
$data merge entity $(bone_left_arm1) {transformation: [-0.1027f,-0.4045f,0.9087f,0.2988f,0.1058f,-0.9128f,-0.3944f,1.3752f,0.9891f,0.0556f,0.1365f,0.0745f,0f,0f,0f,1f],start_interpolation: 0,interpolation_duration: 1}
$data merge entity $(bone_body) {transformation: [-1f,0f,0f,0f,0f,0.9763f,-0.2164f,0.846f,0f,-0.2164f,-0.9763f,0.1625f,0f,0f,0f,1f],start_interpolation: 0,interpolation_duration: 1}
$data merge entity $(bone_left_leg) {transformation: [-0.9567f,-0.27f,-0.1089f,0.174f,-0.291f,0.8972f,0.3321f,0.9023f,0.008f,0.3494f,-0.9369f,0.2369f,0f,0f,0f,1f],start_interpolation: 0,interpolation_duration: 1}
$data merge entity $(bone_right_leg) {transformation: [-0.9627f,0.1478f,0.2265f,-0.1866f,0.2063f,0.9429f,0.2616f,0.9023f,-0.1749f,0.2986f,-0.9382f,0.2609f,0f,0f,0f,1f],start_interpolation: 0,interpolation_duration: 1}
$data merge entity $(bone_right_arm2) {transformation: [0f,0f,0f,-0.5625f,0f,0f,0f,1.3101f,0f,0f,0f,-0.0625f,0f,0f,0f,1f],start_interpolation: 0,interpolation_duration: 1}
$data merge entity $(bone_right_arm3) {transformation: [0f,0f,0f,-0.4375f,0f,0f,0f,1.1226f,0f,0f,0f,0.125f,0f,0f,0f,1f],start_interpolation: 0,interpolation_duration: 1}
$data merge entity $(bone_right_arm4) {transformation: [0f,0f,0f,-0.3125f,0f,0f,0f,1.5601f,0f,0f,0f,-0.125f,0f,0f,0f,1f],start_interpolation: 0,interpolation_duration: 1}
$data merge entity $(bone_left_arm2) {transformation: [0f,0f,0f,0.4375f,0f,0f,0f,1.2476f,0f,0f,0f,-0.125f,0f,0f,0f,1f],start_interpolation: 0,interpolation_duration: 1}
$data merge entity $(bone_left_arm3) {transformation: [0f,0f,0f,0.25f,0f,0f,0f,1.3726f,0f,0f,0f,0.125f,0f,0f,0f,1f],start_interpolation: 0,interpolation_duration: 1}
$data merge entity $(bone_left_arm4) {transformation: [0f,0f,0f,0.5f,0f,0f,0f,1.6226f,0f,0f,0f,-0.0625f,0f,0f,0f,1f],start_interpolation: 0,interpolation_duration: 1}
data modify entity @s data merge value {"cameras":{},"locators":{"right_arm":{"px":-0.6954389521994147,"py":1.9235337458065962,"pz":-0.053130044902009954,"ry":258.6759012243019,"rx":-34.465994461484534},"left_arm":{"px":0.558078391856885,"py":1.9390938703551415,"pz":-0.02213985754279188,"ry":98.54202521944431,"rx":-23.228694722060343}}}