# This file was generated by Animated Java via MC-Build. It is not recommended to edit this file directly.
$data merge entity $(bone_head) {transformation: [-0.9998f,-0.005f,-0.0176f,0f,0.004f,0.8799f,-0.4751f,1.5877f,0.0179f,-0.475f,-0.8798f,-0.0009f,0f,0f,0f,1f],start_interpolation: 0,interpolation_duration: 1}
$data merge entity $(bone_right_arm1) {transformation: [-0.1458f,0.5709f,-0.808f,-0.3282f,-0.0819f,-0.8209f,-0.5652f,1.4285f,-0.9859f,-0.0162f,0.1665f,0.0129f,0f,0f,0f,1f],start_interpolation: 0,interpolation_duration: 1}
$data merge entity $(bone_left_arm1) {transformation: [-0.1187f,-0.4152f,0.902f,0.2982f,0.0899f,-0.9091f,-0.4067f,1.3848f,0.9889f,0.0328f,0.1452f,0.0743f,0f,0f,0f,1f],start_interpolation: 0,interpolation_duration: 1}
$data merge entity $(bone_body) {transformation: [-1f,0f,0f,0f,0f,0.9764f,-0.2161f,0.8554f,0f,-0.2161f,-0.9764f,0.1612f,0f,0f,0f,1f],start_interpolation: 0,interpolation_duration: 1}
$data merge entity $(bone_left_leg) {transformation: [-0.9574f,-0.268f,-0.1079f,0.1739f,-0.2888f,0.8985f,0.3307f,0.9119f,0.0083f,0.3477f,-0.9376f,0.2362f,0f,0f,0f,1f],start_interpolation: 0,interpolation_duration: 1}
$data merge entity $(bone_right_leg) {transformation: [-0.9628f,0.1465f,0.2271f,-0.1862f,0.205f,0.9435f,0.2604f,0.9119f,-0.1761f,0.2973f,-0.9384f,0.2599f,0f,0f,0f,1f],start_interpolation: 0,interpolation_duration: 1}
$data merge entity $(bone_right_arm2) {transformation: [0f,0f,0f,-0.5625f,0f,0f,0f,1.3197f,0f,0f,0f,-0.0625f,0f,0f,0f,1f],start_interpolation: 0,interpolation_duration: 1}
$data merge entity $(bone_right_arm3) {transformation: [0f,0f,0f,-0.4375f,0f,0f,0f,1.1322f,0f,0f,0f,0.125f,0f,0f,0f,1f],start_interpolation: 0,interpolation_duration: 1}
$data merge entity $(bone_right_arm4) {transformation: [0f,0f,0f,-0.3125f,0f,0f,0f,1.5697f,0f,0f,0f,-0.125f,0f,0f,0f,1f],start_interpolation: 0,interpolation_duration: 1}
$data merge entity $(bone_left_arm2) {transformation: [0f,0f,0f,0.4375f,0f,0f,0f,1.2572f,0f,0f,0f,-0.125f,0f,0f,0f,1f],start_interpolation: 0,interpolation_duration: 1}
$data merge entity $(bone_left_arm3) {transformation: [0f,0f,0f,0.25f,0f,0f,0f,1.3822f,0f,0f,0f,0.125f,0f,0f,0f,1f],start_interpolation: 0,interpolation_duration: 1}
$data merge entity $(bone_left_arm4) {transformation: [0f,0f,0f,0.5f,0f,0f,0f,1.6322f,0f,0f,0f,-0.0625f,0f,0f,0f,1f],start_interpolation: 0,interpolation_duration: 1}
data modify entity @s data merge value {"cameras":{},"locators":{"right_arm":{"px":-0.694153228377728,"py":1.9364169575425447,"pz":-0.0385307516163566,"ry":258.35851189860756,"rx":-34.41603696418448},"left_arm":{"px":0.5650988482567165,"py":1.9474097557322794,"pz":-0.007962273698239541,"ry":99.14642437938193,"rx":-23.995920258529775}}}