# This file was generated by Animated Java via MC-Build. It is not recommended to edit this file directly.
$data merge entity $(bone_head) {transformation: [-0.9998f,-0.0053f,-0.0186f,0f,0.0042f,0.8801f,-0.4748f,1.5952f,0.0189f,-0.4748f,-0.8799f,-0.0017f,0f,0f,0f,1f],start_interpolation: 0,interpolation_duration: 1}
$data merge entity $(bone_right_arm1) {transformation: [-0.163f,0.5719f,-0.8039f,-0.3279f,-0.066f,-0.8193f,-0.5695f,1.4371f,-0.9844f,-0.0398f,0.1713f,0.0147f,0f,0f,0f,1f],start_interpolation: 0,interpolation_duration: 1}
$data merge entity $(bone_left_arm1) {transformation: [-0.1361f,-0.4306f,0.8922f,0.2976f,0.0729f,-0.9025f,-0.4245f,1.3925f,0.988f,0.0072f,0.1543f,0.0743f,0f,0f,0f,1f],start_interpolation: 0,interpolation_duration: 1}
$data merge entity $(bone_body) {transformation: [-1f,0f,0f,0f,0f,0.9765f,-0.2154f,0.8628f,0f,-0.2154f,-0.9765f,0.1599f,0f,0f,0f,1f],start_interpolation: 0,interpolation_duration: 1}
$data merge entity $(bone_left_leg) {transformation: [-0.9582f,-0.2656f,-0.1065f,0.1737f,-0.286f,0.9001f,0.3286f,0.9193f,0.0086f,0.3453f,-0.9385f,0.2352f,0f,0f,0f,1f],start_interpolation: 0,interpolation_duration: 1}
$data merge entity $(bone_right_leg) {transformation: [-0.963f,0.1448f,0.2273f,-0.1856f,0.2031f,0.9444f,0.2587f,0.9193f,-0.1772f,0.2953f,-0.9388f,0.2583f,0f,0f,0f,1f],start_interpolation: 0,interpolation_duration: 1}
$data merge entity $(bone_right_arm2) {transformation: [0f,0f,0f,-0.5625f,0f,0f,0f,1.3275f,0f,0f,0f,-0.0625f,0f,0f,0f,1f],start_interpolation: 0,interpolation_duration: 1}
$data merge entity $(bone_right_arm3) {transformation: [0f,0f,0f,-0.4375f,0f,0f,0f,1.14f,0f,0f,0f,0.125f,0f,0f,0f,1f],start_interpolation: 0,interpolation_duration: 1}
$data merge entity $(bone_right_arm4) {transformation: [0f,0f,0f,-0.3125f,0f,0f,0f,1.5775f,0f,0f,0f,-0.125f,0f,0f,0f,1f],start_interpolation: 0,interpolation_duration: 1}
$data merge entity $(bone_left_arm2) {transformation: [0f,0f,0f,0.4375f,0f,0f,0f,1.265f,0f,0f,0f,-0.125f,0f,0f,0f,1f],start_interpolation: 0,interpolation_duration: 1}
$data merge entity $(bone_left_arm3) {transformation: [0f,0f,0f,0.25f,0f,0f,0f,1.39f,0f,0f,0f,0.125f,0f,0f,0f,1f],start_interpolation: 0,interpolation_duration: 1}
$data merge entity $(bone_left_arm4) {transformation: [0f,0f,0f,0.5f,0f,0f,0f,1.64f,0f,0f,0f,-0.0625f,0f,0f,0f,1f],start_interpolation: 0,interpolation_duration: 1}
data modify entity @s data merge value {"cameras":{},"locators":{"right_arm":{"px":-0.6955917124629474,"py":1.9450640791997138,"pz":-0.021979738435242965,"ry":257.9718393001383,"rx":-34.71529191904162},"left_arm":{"px":0.5752635638380428,"py":1.9520345785784303,"pz":0.008015514502295443,"ry":99.80966765557343,"rx":-25.117897266097234}}}