# This file was generated by Animated Java via MC-Build. It is not recommended to edit this file directly.
$data merge entity $(bone_head) {transformation: [-0.9998f,-0.0052f,-0.0184f,0f,0.0041f,0.8806f,-0.4738f,1.6004f,0.0186f,-0.4737f,-0.8805f,-0.002f,0f,0f,0f,1f],start_interpolation: 0,interpolation_duration: 1}
$data merge entity $(bone_right_arm1) {transformation: [-0.1811f,0.5779f,-0.7958f,-0.3276f,-0.0494f,-0.8135f,-0.5795f,1.4433f,-0.9822f,-0.0656f,0.1758f,0.0166f,0f,0f,0f,1f],start_interpolation: 0,interpolation_duration: 1}
$data merge entity $(bone_left_arm1) {transformation: [-0.1546f,-0.4509f,0.8791f,0.2971f,0.0555f,-0.8923f,-0.448f,1.398f,0.9864f,-0.0205f,0.1629f,0.0744f,0f,0f,0f,1f],start_interpolation: 0,interpolation_duration: 1}
$data merge entity $(bone_body) {transformation: [-1f,0f,0f,0f,0f,0.9767f,-0.2144f,0.8679f,0f,-0.2144f,-0.9767f,0.1588f,0f,0f,0f,1f],start_interpolation: 0,interpolation_duration: 1}
$data merge entity $(bone_left_leg) {transformation: [-0.9592f,-0.2626f,-0.1045f,0.1733f,-0.2825f,0.9023f,0.3258f,0.9244f,0.0088f,0.342f,-0.9397f,0.2337f,0f,0f,0f,1f],start_interpolation: 0,interpolation_duration: 1}
$data merge entity $(bone_right_leg) {transformation: [-0.9633f,0.1429f,0.2273f,-0.185f,0.2008f,0.9455f,0.2564f,0.9244f,-0.1782f,0.2926f,-0.9395f,0.2562f,0f,0f,0f,1f],start_interpolation: 0,interpolation_duration: 1}
$data merge entity $(bone_right_arm2) {transformation: [0f,0f,0f,-0.5625f,0f,0f,0f,1.3331f,0f,0f,0f,-0.0625f,0f,0f,0f,1f],start_interpolation: 0,interpolation_duration: 1}
$data merge entity $(bone_right_arm3) {transformation: [0f,0f,0f,-0.4375f,0f,0f,0f,1.1456f,0f,0f,0f,0.125f,0f,0f,0f,1f],start_interpolation: 0,interpolation_duration: 1}
$data merge entity $(bone_right_arm4) {transformation: [0f,0f,0f,-0.3125f,0f,0f,0f,1.5831f,0f,0f,0f,-0.125f,0f,0f,0f,1f],start_interpolation: 0,interpolation_duration: 1}
$data merge entity $(bone_left_arm2) {transformation: [0f,0f,0f,0.4375f,0f,0f,0f,1.2706f,0f,0f,0f,-0.125f,0f,0f,0f,1f],start_interpolation: 0,interpolation_duration: 1}
$data merge entity $(bone_left_arm3) {transformation: [0f,0f,0f,0.25f,0f,0f,0f,1.3956f,0f,0f,0f,0.125f,0f,0f,0f,1f],start_interpolation: 0,interpolation_duration: 1}
$data merge entity $(bone_left_arm4) {transformation: [0f,0f,0f,0.5f,0f,0f,0f,1.6456f,0f,0f,0f,-0.0625f,0f,0f,0f,1f],start_interpolation: 0,interpolation_duration: 1}
data modify entity @s data merge value {"cameras":{},"locators":{"right_arm":{"px":-0.7001410278701599,"py":1.948609002261267,"pz":-0.0037525882920721246,"ry":257.54012601610185,"rx":-35.41731530699854},"left_arm":{"px":0.5886248619455641,"py":1.9522457463323262,"pz":0.02553365036264247,"ry":100.50042212409127,"rx":-26.614681499532455}}}