# This file was generated by Animated Java via MC-Build. It is not recommended to edit this file directly.
$data merge entity $(bone_head) {transformation: [-0.9999f,-0.0047f,-0.0167f,0f,0.0037f,0.8817f,-0.4719f,1.6054f,0.0169f,-0.4719f,-0.8815f,-0.002f,0f,0f,0f,1f],start_interpolation: 0,interpolation_duration: 1}
$data merge entity $(bone_right_arm1) {transformation: [-0.1996f,0.5894f,-0.7828f,-0.3273f,-0.0326f,-0.8024f,-0.5959f,1.4489f,-0.9793f,-0.0935f,0.1794f,0.0187f,0f,0f,0f,1f],start_interpolation: 0,interpolation_duration: 1}
$data merge entity $(bone_left_arm1) {transformation: [-0.1735f,-0.4761f,0.8621f,0.2968f,0.0381f,-0.8779f,-0.4772f,1.4032f,0.9841f,-0.05f,0.1705f,0.0746f,0f,0f,0f,1f],start_interpolation: 0,interpolation_duration: 1}
$data merge entity $(bone_body) {transformation: [-1f,0f,0f,0f,0f,0.9771f,-0.2129f,0.8726f,0f,-0.2129f,-0.9771f,0.1577f,0f,0f,0f,1f],start_interpolation: 0,interpolation_duration: 1}
$data merge entity $(bone_left_leg) {transformation: [-0.9604f,-0.2592f,-0.1021f,0.1728f,-0.2784f,0.9048f,0.3222f,0.9289f,0.0089f,0.3378f,-0.9412f,0.2318f,0f,0f,0f,1f],start_interpolation: 0,interpolation_duration: 1}
$data merge entity $(bone_right_leg) {transformation: [-0.9637f,0.1408f,0.2268f,-0.1842f,0.198f,0.9469f,0.2534f,0.9289f,-0.1791f,0.2891f,-0.9404f,0.2536f,0f,0f,0f,1f],start_interpolation: 0,interpolation_duration: 1}
$data merge entity $(bone_right_arm2) {transformation: [0f,0f,0f,-0.5625f,0f,0f,0f,1.3385f,0f,0f,0f,-0.0625f,0f,0f,0f,1f],start_interpolation: 0,interpolation_duration: 1}
$data merge entity $(bone_right_arm3) {transformation: [0f,0f,0f,-0.4375f,0f,0f,0f,1.151f,0f,0f,0f,0.125f,0f,0f,0f,1f],start_interpolation: 0,interpolation_duration: 1}
$data merge entity $(bone_right_arm4) {transformation: [0f,0f,0f,-0.3125f,0f,0f,0f,1.5885f,0f,0f,0f,-0.125f,0f,0f,0f,1f],start_interpolation: 0,interpolation_duration: 1}
$data merge entity $(bone_left_arm2) {transformation: [0f,0f,0f,0.4375f,0f,0f,0f,1.276f,0f,0f,0f,-0.125f,0f,0f,0f,1f],start_interpolation: 0,interpolation_duration: 1}
$data merge entity $(bone_left_arm3) {transformation: [0f,0f,0f,0.25f,0f,0f,0f,1.401f,0f,0f,0f,0.125f,0f,0f,0f,1f],start_interpolation: 0,interpolation_duration: 1}
$data merge entity $(bone_left_arm4) {transformation: [0f,0f,0f,0.5f,0f,0f,0f,1.651f,0f,0f,0f,-0.0625f,0f,0f,0f,1f],start_interpolation: 0,interpolation_duration: 1}
data modify entity @s data merge value {"cameras":{},"locators":{"right_arm":{"px":-0.7081428457796703,"py":1.9484251868244484,"pz":0.015873259480927784,"ry":257.09338545475225,"rx":-36.574743256829606},"left_arm":{"px":0.6052063454935337,"py":1.9495729080177038,"pz":0.04431778409156361,"ry":101.18475698111884,"rx":-28.504998938845386}}}