# This file was generated by Animated Java via MC-Build. It is not recommended to edit this file directly.
$data merge entity $(bone_head) {transformation: [-1f,-0.0022f,-0.0078f,0f,0.0017f,0.8853f,-0.465f,1.6234f,0.0079f,-0.465f,-0.8853f,0f,0f,0f,0f,1f],start_interpolation: 0,interpolation_duration: 1}
$data merge entity $(bone_right_arm1) {transformation: [-0.2365f,0.6306f,-0.7392f,-0.3266f,-0.0004f,-0.7609f,-0.6489f,1.4672f,-0.9716f,-0.1532f,0.1802f,0.0231f,0f,0f,0f,1f],start_interpolation: 0,interpolation_duration: 1}
$data merge entity $(bone_left_arm1) {transformation: [-0.2109f,-0.541f,0.8141f,0.2966f,0.0056f,-0.8335f,-0.5524f,1.4216f,0.9775f,-0.112f,0.1789f,0.0755f,0f,0f,0f,1f],start_interpolation: 0,interpolation_duration: 1}
$data merge entity $(bone_body) {transformation: [-1f,0f,0f,0f,0f,0.978f,-0.2086f,0.8899f,0f,-0.2086f,-0.978f,0.1564f,0f,0f,0f,1f],start_interpolation: 0,interpolation_duration: 1}
$data merge entity $(bone_left_leg) {transformation: [-0.9633f,-0.2508f,-0.0957f,0.1712f,-0.2683f,0.9113f,0.3124f,0.9451f,0.0089f,0.3266f,-0.9451f,0.2266f,0f,0f,0f,1f],start_interpolation: 0,interpolation_duration: 1}
$data merge entity $(bone_right_leg) {transformation: [-0.965f,0.1358f,0.2245f,-0.1824f,0.1909f,0.9505f,0.2453f,0.9451f,-0.1801f,0.2796f,-0.9431f,0.2464f,0f,0f,0f,1f],start_interpolation: 0,interpolation_duration: 1}
$data merge entity $(bone_right_arm2) {transformation: [0f,0f,0f,-0.5625f,0f,0f,0f,1.3575f,0f,0f,0f,-0.0625f,0f,0f,0f,1f],start_interpolation: 0,interpolation_duration: 1}
$data merge entity $(bone_right_arm3) {transformation: [0f,0f,0f,-0.4375f,0f,0f,0f,1.17f,0f,0f,0f,0.125f,0f,0f,0f,1f],start_interpolation: 0,interpolation_duration: 1}
$data merge entity $(bone_right_arm4) {transformation: [0f,0f,0f,-0.3125f,0f,0f,0f,1.6075f,0f,0f,0f,-0.125f,0f,0f,0f,1f],start_interpolation: 0,interpolation_duration: 1}
$data merge entity $(bone_left_arm2) {transformation: [0f,0f,0f,0.4375f,0f,0f,0f,1.295f,0f,0f,0f,-0.125f,0f,0f,0f,1f],start_interpolation: 0,interpolation_duration: 1}
$data merge entity $(bone_left_arm3) {transformation: [0f,0f,0f,0.25f,0f,0f,0f,1.42f,0f,0f,0f,0.125f,0f,0f,0f,1f],start_interpolation: 0,interpolation_duration: 1}
$data merge entity $(bone_left_arm4) {transformation: [0f,0f,0f,0.5f,0f,0f,0f,1.67f,0f,0f,0f,-0.0625f,0f,0f,0f,1f],start_interpolation: 0,interpolation_duration: 1}
data modify entity @s data merge value {"cameras":{},"locators":{"right_arm":{"px":-0.7354869213234017,"py":1.9427126367112573,"pz":0.05809163120111124,"ry":256.3001378588691,"rx":-40.45988326077848},"left_arm":{"px":0.6479211171156396,"py":1.94224298380967,"pz":0.08441189857427016,"ry":102.39007216797985,"rx":-33.53402570621224}}}