# This file was generated by Animated Java via MC-Build. It is not recommended to edit this file directly.
$data merge entity $(bone_head) {transformation: [-0.9999f,0.0044f,0.0162f,0f,-0.0033f,0.8946f,-0.4468f,1.6469f,-0.0164f,-0.4468f,-0.8945f,0.0081f,0f,0f,0f,1f],start_interpolation: 0,interpolation_duration: 1}
$data merge entity $(bone_right_arm1) {transformation: [-0.2979f,0.7372f,-0.6064f,-0.3254f,0.0475f,-0.623f,-0.7808f,1.4883f,-0.9534f,-0.2614f,0.1506f,0.0311f,0f,0f,0f,1f],start_interpolation: 0,interpolation_duration: 1}
$data merge entity $(bone_left_arm1) {transformation: [-0.2721f,-0.6778f,0.683f,0.2979f,-0.041f,-0.701f,-0.712f,1.4459f,0.9614f,-0.2217f,0.1629f,0.0785f,0f,0f,0f,1f],start_interpolation: 0,interpolation_duration: 1}
$data merge entity $(bone_body) {transformation: [-1f,0f,0f,0f,0f,0.9803f,-0.1975f,0.9117f,0f,-0.1975f,-0.9803f,0.1563f,0f,0f,0f,1f],start_interpolation: 0,interpolation_duration: 1}
$data merge entity $(bone_left_leg) {transformation: [-0.9693f,-0.2321f,-0.0812f,0.1667f,-0.2458f,0.9254f,0.2886f,0.9636f,0.0082f,0.2997f,-0.954f,0.2136f,0f,0f,0f,1f],start_interpolation: 0,interpolation_duration: 1}
$data merge entity $(bone_right_leg) {transformation: [-0.9681f,0.1254f,0.217f,-0.1782f,0.1747f,0.9584f,0.2256f,0.9636f,-0.1797f,0.2564f,-0.9497f,0.2294f,0f,0f,0f,1f],start_interpolation: 0,interpolation_duration: 1}
$data merge entity $(bone_right_arm2) {transformation: [0f,0f,0f,-0.5625f,0f,0f,0f,1.3834f,0f,0f,0f,-0.0625f,0f,0f,0f,1f],start_interpolation: 0,interpolation_duration: 1}
$data merge entity $(bone_right_arm3) {transformation: [0f,0f,0f,-0.4375f,0f,0f,0f,1.1959f,0f,0f,0f,0.125f,0f,0f,0f,1f],start_interpolation: 0,interpolation_duration: 1}
$data merge entity $(bone_right_arm4) {transformation: [0f,0f,0f,-0.3125f,0f,0f,0f,1.6334f,0f,0f,0f,-0.125f,0f,0f,0f,1f],start_interpolation: 0,interpolation_duration: 1}
$data merge entity $(bone_left_arm2) {transformation: [0f,0f,0f,0.4375f,0f,0f,0f,1.3209f,0f,0f,0f,-0.125f,0f,0f,0f,1f],start_interpolation: 0,interpolation_duration: 1}
$data merge entity $(bone_left_arm3) {transformation: [0f,0f,0f,0.25f,0f,0f,0f,1.4459f,0f,0f,0f,0.125f,0f,0f,0f,1f],start_interpolation: 0,interpolation_duration: 1}
$data merge entity $(bone_left_arm4) {transformation: [0f,0f,0f,0.5f,0f,0f,0f,1.6959f,0f,0f,0f,-0.0625f,0f,0f,0f,1f],start_interpolation: 0,interpolation_duration: 1}
data modify entity @s data merge value {"cameras":{},"locators":{"right_arm":{"px":-0.8047627617323045,"py":1.8806623695084,"pz":0.13491043364769162,"ry":256.0500552624207,"rx":-51.33028626778451},"left_arm":{"px":0.738517638304774,"py":1.8866066826391152,"pz":0.15696148783161068,"ry":103.41488656035588,"rx":-45.3969081310473}}}