# This file was generated by Animated Java via MC-Build. It is not recommended to edit this file directly.
$data merge entity $(bone_head) {transformation: [-0.9992f,0.0101f,0.0385f,0f,-0.0074f,0.9034f,-0.4287f,1.6585f,-0.0391f,-0.4286f,-0.9026f,0.0166f,0f,0f,0f,1f],start_interpolation: 0,interpolation_duration: 1}
$data merge entity $(bone_right_arm1) {transformation: [-0.3594f,0.8141f,-0.4562f,-0.3242f,0.0889f,-0.4568f,-0.8851f,1.4972f,-0.929f,-0.3587f,0.0917f,0.0391f,0f,0f,0f,1f],start_interpolation: 0,interpolation_duration: 1}
$data merge entity $(bone_left_arm1) {transformation: [-0.3341f,-0.7809f,0.5278f,0.2993f,-0.0802f,-0.5344f,-0.8414f,1.4583f,0.9391f,-0.3234f,0.1159f,0.0815f,0f,0f,0f,1f],start_interpolation: 0,interpolation_duration: 1}
$data merge entity $(bone_body) {transformation: [-1f,0f,0f,0f,0f,0.9825f,-0.1862f,0.9216f,0f,-0.1862f,-0.9825f,0.1563f,0f,0f,0f,1f],start_interpolation: 0,interpolation_duration: 1}
$data merge entity $(bone_left_leg) {transformation: [-0.9748f,-0.2127f,-0.0677f,0.1622f,-0.2231f,0.9384f,0.2638f,0.97f,0.0074f,0.2722f,-0.9622f,0.2006f,0f,0f,0f,1f],start_interpolation: 0,interpolation_duration: 1}
$data merge entity $(bone_right_leg) {transformation: [-0.971f,0.1147f,0.2099f,-0.1741f,0.1585f,0.9657f,0.2055f,0.97f,-0.1791f,0.2328f,-0.9559f,0.2122f,0f,0f,0f,1f],start_interpolation: 0,interpolation_duration: 1}
$data merge entity $(bone_right_arm2) {transformation: [0f,0f,0f,-0.5625f,0f,0f,0f,1.3974f,0f,0f,0f,-0.0625f,0f,0f,0f,1f],start_interpolation: 0,interpolation_duration: 1}
$data merge entity $(bone_right_arm3) {transformation: [0f,0f,0f,-0.4375f,0f,0f,0f,1.2099f,0f,0f,0f,0.125f,0f,0f,0f,1f],start_interpolation: 0,interpolation_duration: 1}
$data merge entity $(bone_right_arm4) {transformation: [0f,0f,0f,-0.3125f,0f,0f,0f,1.6474f,0f,0f,0f,-0.125f,0f,0f,0f,1f],start_interpolation: 0,interpolation_duration: 1}
$data merge entity $(bone_left_arm2) {transformation: [0f,0f,0f,0.4375f,0f,0f,0f,1.3349f,0f,0f,0f,-0.125f,0f,0f,0f,1f],start_interpolation: 0,interpolation_duration: 1}
$data merge entity $(bone_left_arm3) {transformation: [0f,0f,0f,0.25f,0f,0f,0f,1.4599f,0f,0f,0f,0.125f,0f,0f,0f,1f],start_interpolation: 0,interpolation_duration: 1}
$data merge entity $(bone_left_arm4) {transformation: [0f,0f,0f,0.5f,0f,0f,0f,1.7099f,0f,0f,0f,-0.0625f,0f,0f,0f,1f],start_interpolation: 0,interpolation_duration: 1}
data modify entity @s data merge value {"cameras":{},"locators":{"right_arm":{"px":-0.855422800578637,"py":1.7882583707567246,"pz":0.20517471165720802,"ry":258.6309197659228,"rx":-62.267635953142616},"left_arm":{"px":0.8081814734207672,"py":1.7973722778611432,"pz":0.22493720516205373,"ry":102.38662259844146,"rx":-57.287341256699925}}}