# This file was generated by Animated Java via MC-Build. It is not recommended to edit this file directly.
$data merge entity $(bone_head) {transformation: [-0.9977f,0.0164f,0.0655f,0f,-0.0116f,0.9135f,-0.4066f,1.6693f,-0.0665f,-0.4064f,-0.9113f,0.0269f,0f,0f,0f,1f],start_interpolation: 0,interpolation_duration: 1}
$data merge entity $(bone_right_arm1) {transformation: [-0.4341f,0.8607f,-0.2661f,-0.3227f,0.1315f,-0.2317f,-0.9639f,1.5049f,-0.8912f,-0.4534f,-0.0126f,0.0486f,0f,0f,0f,1f],start_interpolation: 0,interpolation_duration: 1}
$data merge entity $(bone_left_arm1) {transformation: [-0.4106f,-0.8527f,0.3229f,0.3009f,-0.1183f,-0.3013f,-0.9461f,1.4703f,0.9041f,-0.4267f,0.0228f,0.0852f,0f,0f,0f,1f],start_interpolation: 0,interpolation_duration: 1}
$data merge entity $(bone_body) {transformation: [-1f,0f,0f,0f,0f,0.985f,-0.1725f,0.9305f,0f,-0.1725f,-0.985f,0.1563f,0f,0f,0f,1f],start_interpolation: 0,interpolation_duration: 1}
$data merge entity $(bone_left_leg) {transformation: [-0.9807f,-0.1884f,-0.0529f,0.1568f,-0.1956f,0.9526f,0.2331f,0.9749f,0.0065f,0.2389f,-0.971f,0.1849f,0f,0f,0f,1f],start_interpolation: 0,interpolation_duration: 1}
$data merge entity $(bone_right_leg) {transformation: [-0.9741f,0.1014f,0.2021f,-0.1692f,0.1388f,0.9737f,0.1808f,0.9749f,-0.1785f,0.2042f,-0.9625f,0.1916f,0f,0f,0f,1f],start_interpolation: 0,interpolation_duration: 1}
$data merge entity $(bone_right_arm2) {transformation: [0f,0f,0f,-0.5625f,0f,0f,0f,1.4114f,0f,0f,0f,-0.0625f,0f,0f,0f,1f],start_interpolation: 0,interpolation_duration: 1}
$data merge entity $(bone_right_arm3) {transformation: [0f,0f,0f,-0.4375f,0f,0f,0f,1.2239f,0f,0f,0f,0.125f,0f,0f,0f,1f],start_interpolation: 0,interpolation_duration: 1}
$data merge entity $(bone_right_arm4) {transformation: [0f,0f,0f,-0.3125f,0f,0f,0f,1.6614f,0f,0f,0f,-0.125f,0f,0f,0f,1f],start_interpolation: 0,interpolation_duration: 1}
$data merge entity $(bone_left_arm2) {transformation: [0f,0f,0f,0.4375f,0f,0f,0f,1.3489f,0f,0f,0f,-0.125f,0f,0f,0f,1f],start_interpolation: 0,interpolation_duration: 1}
$data merge entity $(bone_left_arm3) {transformation: [0f,0f,0f,0.25f,0f,0f,0f,1.4739f,0f,0f,0f,0.125f,0f,0f,0f,1f],start_interpolation: 0,interpolation_duration: 1}
$data merge entity $(bone_left_arm4) {transformation: [0f,0f,0f,0.5f,0f,0f,0f,1.7239f,0f,0f,0f,-0.0625f,0f,0f,0f,1f],start_interpolation: 0,interpolation_duration: 1}
data modify entity @s data merge value {"cameras":{},"locators":{"right_arm":{"px":-0.8877495902871746,"py":1.657881424673596,"pz":0.2762782295336008,"ry":272.7134086470922,"rx":-74.55105903772863},"left_arm":{"px":0.8595175547460925,"py":1.666065003443372,"pz":0.2954193399773037,"ry":94.04112474005743,"rx":-71.11091067124914}}}