# This file was generated by Animated Java via MC-Build. It is not recommended to edit this file directly.
$data merge entity $(bone_head) {transformation: [-0.9952f,0.0228f,0.0956f,0f,-0.0155f,0.9242f,-0.3817f,1.6789f,-0.0971f,-0.3813f,-0.9193f,0.0383f,0f,0f,0f,1f],start_interpolation: 0,interpolation_duration: 1}
$data merge entity $(bone_right_arm1) {transformation: [-0.5169f,0.854f,-0.0586f,-0.3211f,0.1687f,0.0346f,-0.9851f,1.511f,-0.8392f,-0.5191f,-0.162f,0.0591f,0f,0f,0f,1f],start_interpolation: 0,interpolation_duration: 1}
$data merge entity $(bone_left_arm1) {transformation: [-0.4964f,-0.8633f,0.0914f,0.3028f,-0.1486f,-0.0192f,-0.9887f,1.4814f,0.8553f,-0.5044f,-0.1187f,0.0895f,0f,0f,0f,1f],start_interpolation: 0,interpolation_duration: 1}
$data merge entity $(bone_body) {transformation: [-1f,0f,0f,0f,0f,0.9876f,-0.1573f,0.9383f,0f,-0.1573f,-0.9876f,0.1563f,0f,0f,0f,1f],start_interpolation: 0,interpolation_duration: 1}
$data merge entity $(bone_left_leg) {transformation: [-0.9863f,-0.1603f,-0.0385f,0.1507f,-0.1648f,0.9663f,0.1979f,0.9781f,0.0055f,0.2015f,-0.9795f,0.1674f,0f,0f,0f,1f],start_interpolation: 0,interpolation_duration: 1}
$data merge entity $(bone_right_leg) {transformation: [-0.9771f,0.0861f,0.1945f,-0.1636f,0.1169f,0.9813f,0.1528f,0.9781f,-0.1777f,0.1721f,-0.9689f,0.1686f,0f,0f,0f,1f],start_interpolation: 0,interpolation_duration: 1}
$data merge entity $(bone_right_arm2) {transformation: [0f,0f,0f,-0.5625f,0f,0f,0f,1.4247f,0f,0f,0f,-0.0625f,0f,0f,0f,1f],start_interpolation: 0,interpolation_duration: 1}
$data merge entity $(bone_right_arm3) {transformation: [0f,0f,0f,-0.4375f,0f,0f,0f,1.2372f,0f,0f,0f,0.125f,0f,0f,0f,1f],start_interpolation: 0,interpolation_duration: 1}
$data merge entity $(bone_right_arm4) {transformation: [0f,0f,0f,-0.3125f,0f,0f,0f,1.6747f,0f,0f,0f,-0.125f,0f,0f,0f,1f],start_interpolation: 0,interpolation_duration: 1}
$data merge entity $(bone_left_arm2) {transformation: [0f,0f,0f,0.4375f,0f,0f,0f,1.3622f,0f,0f,0f,-0.125f,0f,0f,0f,1f],start_interpolation: 0,interpolation_duration: 1}
$data merge entity $(bone_left_arm3) {transformation: [0f,0f,0f,0.25f,0f,0f,0f,1.4872f,0f,0f,0f,0.125f,0f,0f,0f,1f],start_interpolation: 0,interpolation_duration: 1}
$data merge entity $(bone_left_arm4) {transformation: [0f,0f,0f,0.5f,0f,0f,0f,1.7372f,0f,0f,0f,-0.0625f,0f,0f,0f,1f],start_interpolation: 0,interpolation_duration: 1}
data modify entity @s data merge value {"cameras":{},"locators":{"right_arm":{"px":-0.8871486393353898,"py":1.4998945214445967,"pz":0.3310940670087125,"ry":340.1198760220853,"rx":-80.08207691344728},"left_arm":{"px":0.8733198940660774,"py":1.5027246623334156,"pz":0.35126075656239236,"ry":37.577624094692794,"rx":-81.38450725630237}}}