# This file was generated by Animated Java via MC-Build. It is not recommended to edit this file directly.
$data merge entity $(bone_head) {transformation: [-0.9914f,0.0288f,0.1273f,0f,-0.0184f,0.9347f,-0.3551f,1.6869f,-0.1292f,-0.3544f,-0.9261f,0.0503f,0f,0f,0f,1f],start_interpolation: 0,interpolation_duration: 1}
$data merge entity $(bone_right_arm1) {transformation: [-0.6017f,0.787f,0.1359f,-0.3194f,0.1958f,0.3104f,-0.9302f,1.5152f,-0.7743f,-0.5331f,-0.3409f,0.0701f,0f,0f,0f,1f],start_interpolation: 0,interpolation_duration: 1}
$data merge entity $(bone_left_arm1) {transformation: [-0.585f,-0.8002f,-0.1317f,0.3047f,-0.1659f,0.2771f,-0.9464f,1.4912f,0.7939f,-0.5318f,-0.2949f,0.094f,0f,0f,0f,1f],start_interpolation: 0,interpolation_duration: 1}
$data merge entity $(bone_body) {transformation: [-1f,0f,0f,0f,0f,0.99f,-0.1412f,0.9445f,0f,-0.1412f,-0.99f,0.1563f,0f,0f,0f,1f],start_interpolation: 0,interpolation_duration: 1}
$data merge entity $(bone_left_leg) {transformation: [-0.9912f,-0.1298f,-0.0257f,0.1444f,-0.1323f,0.9782f,0.1599f,0.9795f,0.0044f,0.1619f,-0.9868f,0.1491f,0f,0f,0f,1f],start_interpolation: 0,interpolation_duration: 1}
$data merge entity $(bone_right_leg) {transformation: [-0.9798f,0.0696f,0.1877f,-0.1578f,0.0937f,0.988f,0.1231f,0.9795f,-0.1769f,0.1382f,-0.9745f,0.1444f,0f,0f,0f,1f],start_interpolation: 0,interpolation_duration: 1}
$data merge entity $(bone_right_arm2) {transformation: [0f,0f,0f,-0.5625f,0f,0f,0f,1.4366f,0f,0f,0f,-0.0625f,0f,0f,0f,1f],start_interpolation: 0,interpolation_duration: 1}
$data merge entity $(bone_right_arm3) {transformation: [0f,0f,0f,-0.4375f,0f,0f,0f,1.2491f,0f,0f,0f,0.125f,0f,0f,0f,1f],start_interpolation: 0,interpolation_duration: 1}
$data merge entity $(bone_right_arm4) {transformation: [0f,0f,0f,-0.3125f,0f,0f,0f,1.6866f,0f,0f,0f,-0.125f,0f,0f,0f,1f],start_interpolation: 0,interpolation_duration: 1}
$data merge entity $(bone_left_arm2) {transformation: [0f,0f,0f,0.4375f,0f,0f,0f,1.3741f,0f,0f,0f,-0.125f,0f,0f,0f,1f],start_interpolation: 0,interpolation_duration: 1}
$data merge entity $(bone_left_arm3) {transformation: [0f,0f,0f,0.25f,0f,0f,0f,1.4991f,0f,0f,0f,0.125f,0f,0f,0f,1f],start_interpolation: 0,interpolation_duration: 1}
$data merge entity $(bone_left_arm4) {transformation: [0f,0f,0f,0.5f,0f,0f,0f,1.7491f,0f,0f,0f,-0.0625f,0f,0f,0f,1f],start_interpolation: 0,interpolation_duration: 1}
data modify entity @s data merge value {"cameras":{},"locators":{"right_arm":{"px":-0.8488789568472306,"py":1.3334281456707475,"pz":0.354893876622107,"ry":21.740529560817862,"rx":-68.4675693774823},"left_arm":{"px":0.8414046032242827,"py":1.3283325691946128,"pz":0.3767977219304281,"ry":335.92727075393407,"rx":-71.15681149225647}}}