# This file was generated by Animated Java via MC-Build. It is not recommended to edit this file directly.
$data merge entity $(bone_head) {transformation: [-0.9867f,0.034f,0.159f,0f,-0.0204f,0.9444f,-0.3282f,1.6929f,-0.1614f,-0.3271f,-0.9311f,0.0624f,0f,0f,0f,1f],start_interpolation: 0,interpolation_duration: 1}
$data merge entity $(bone_right_arm1) {transformation: [-0.6824f,0.6712f,0.2895f,-0.3177f,0.2104f,0.5597f,-0.8015f,1.5174f,-0.7f,-0.4861f,-0.5232f,0.081f,0f,0f,0f,1f],start_interpolation: 0,interpolation_duration: 1}
$data merge entity $(bone_left_arm1) {transformation: [-0.6696f,-0.6742f,-0.3114f,0.3066f,-0.1684f,0.5463f,-0.8205f,1.499f,0.7233f,-0.497f,-0.4793f,0.0987f,0f,0f,0f,1f],start_interpolation: 0,interpolation_duration: 1}
$data merge entity $(bone_body) {transformation: [-1f,0f,0f,0f,0f,0.9921f,-0.1252f,0.9488f,0f,-0.1252f,-0.9921f,0.1563f,0f,0f,0f,1f],start_interpolation: 0,interpolation_duration: 1}
$data merge entity $(bone_left_leg) {transformation: [-0.995f,-0.0984f,-0.0154f,0.138f,-0.0996f,0.9876f,0.121f,0.979f,0.0033f,0.122f,-0.9925f,0.1307f,0f,0f,0f,1f],start_interpolation: 0,interpolation_duration: 1}
$data merge entity $(bone_right_leg) {transformation: [-0.9818f,0.0527f,0.1822f,-0.152f,0.0706f,0.9932f,0.0929f,0.979f,-0.1761f,0.1041f,-0.9789f,0.1202f,0f,0f,0f,1f],start_interpolation: 0,interpolation_duration: 1}
$data merge entity $(bone_right_arm2) {transformation: [0f,0f,0f,-0.5625f,0f,0f,0f,1.4468f,0f,0f,0f,-0.0625f,0f,0f,0f,1f],start_interpolation: 0,interpolation_duration: 1}
$data merge entity $(bone_right_arm3) {transformation: [0f,0f,0f,-0.4375f,0f,0f,0f,1.2593f,0f,0f,0f,0.125f,0f,0f,0f,1f],start_interpolation: 0,interpolation_duration: 1}
$data merge entity $(bone_right_arm4) {transformation: [0f,0f,0f,-0.3125f,0f,0f,0f,1.6968f,0f,0f,0f,-0.125f,0f,0f,0f,1f],start_interpolation: 0,interpolation_duration: 1}
$data merge entity $(bone_left_arm2) {transformation: [0f,0f,0f,0.4375f,0f,0f,0f,1.3843f,0f,0f,0f,-0.125f,0f,0f,0f,1f],start_interpolation: 0,interpolation_duration: 1}
$data merge entity $(bone_left_arm3) {transformation: [0f,0f,0f,0.25f,0f,0f,0f,1.5093f,0f,0f,0f,0.125f,0f,0f,0f,1f],start_interpolation: 0,interpolation_duration: 1}
$data merge entity $(bone_left_arm4) {transformation: [0f,0f,0f,0.5f,0f,0f,0f,1.7593f,0f,0f,0f,-0.0625f,0f,0f,0f,1f],start_interpolation: 0,interpolation_duration: 1}
data modify entity @s data merge value {"cameras":{},"locators":{"right_arm":{"px":-0.7798126482230887,"py":1.1806984983339535,"pz":0.3410064738417543,"ry":28.960982080069243,"rx":-53.27822101877103},"left_arm":{"px":0.769867275631975,"py":1.1680872622251672,"pz":0.3641027154065163,"ry":326.9873353325361,"rx":-55.1358031247597}}}