# This file was generated by Animated Java via MC-Build. It is not recommended to edit this file directly.
$data merge entity $(bone_head) {transformation: [-0.9812f,0.0382f,0.1892f,0f,-0.0212f,0.9529f,-0.3024f,1.6963f,-0.1919f,-0.3007f,-0.9342f,0.0739f,0f,0f,0f,1f],start_interpolation: 0,interpolation_duration: 1}
$data merge entity $(bone_right_arm1) {transformation: [-0.7537f,0.5314f,0.3869f,-0.316f,0.2127f,0.7541f,-0.6214f,1.5172f,-0.6219f,-0.386f,-0.6814f,0.0912f,0f,0f,0f,1f],start_interpolation: 0,interpolation_duration: 1}
$data merge entity $(bone_left_arm1) {transformation: [-0.7443f,-0.5138f,-0.4266f,0.3085f,-0.1572f,0.7557f,-0.6358f,1.5044f,0.649f,-0.4062f,-0.6433f,0.1032f,0f,0f,0f,1f],start_interpolation: 0,interpolation_duration: 1}
$data merge entity $(bone_body) {transformation: [-1f,0f,0f,0f,0f,0.994f,-0.1098f,0.9509f,0f,-0.1098f,-0.994f,0.1563f,0f,0f,0f,1f],start_interpolation: 0,interpolation_duration: 1}
$data merge entity $(bone_left_leg) {transformation: [-0.9977f,-0.068f,-0.008f,0.132f,-0.0684f,0.9942f,0.0834f,0.9765f,0.0023f,0.0838f,-0.9965f,0.1132f,0f,0f,0f,1f],start_interpolation: 0,interpolation_duration: 1}
$data merge entity $(bone_right_leg) {transformation: [-0.9833f,0.0364f,0.1782f,-0.1465f,0.0484f,0.9968f,0.0639f,0.9765f,-0.1753f,0.0715f,-0.9819f,0.0972f,0f,0f,0f,1f],start_interpolation: 0,interpolation_duration: 1}
$data merge entity $(bone_right_arm2) {transformation: [0f,0f,0f,-0.5625f,0f,0f,0f,1.4544f,0f,0f,0f,-0.0625f,0f,0f,0f,1f],start_interpolation: 0,interpolation_duration: 1}
$data merge entity $(bone_right_arm3) {transformation: [0f,0f,0f,-0.4375f,0f,0f,0f,1.2669f,0f,0f,0f,0.125f,0f,0f,0f,1f],start_interpolation: 0,interpolation_duration: 1}
$data merge entity $(bone_right_arm4) {transformation: [0f,0f,0f,-0.3125f,0f,0f,0f,1.7044f,0f,0f,0f,-0.125f,0f,0f,0f,1f],start_interpolation: 0,interpolation_duration: 1}
$data merge entity $(bone_left_arm2) {transformation: [0f,0f,0f,0.4375f,0f,0f,0f,1.3919f,0f,0f,0f,-0.125f,0f,0f,0f,1f],start_interpolation: 0,interpolation_duration: 1}
$data merge entity $(bone_left_arm3) {transformation: [0f,0f,0f,0.25f,0f,0f,0f,1.5169f,0f,0f,0f,0.125f,0f,0f,0f,1f],start_interpolation: 0,interpolation_duration: 1}
$data merge entity $(bone_left_arm4) {transformation: [0f,0f,0f,0.5f,0f,0f,0f,1.7669f,0f,0f,0f,-0.0625f,0f,0f,0f,1f],start_interpolation: 0,interpolation_duration: 1}
data modify entity @s data merge value {"cameras":{},"locators":{"right_arm":{"px":-0.6952504708676754,"py":1.059208373280916,"pz":0.2936186859027038,"ry":29.58585383136372,"rx":-38.41506824381395},"left_arm":{"px":0.6761054553221559,"py":1.041956848662895,"pz":0.31648487483494075,"ry":326.4491171009839,"rx":-39.47801318488252}}}