# This file was generated by Animated Java via MC-Build. It is not recommended to edit this file directly.
$data merge entity $(bone_head) {transformation: [-0.9755f,0.0414f,0.2163f,0f,-0.0211f,0.96f,-0.2791f,1.697f,-0.2192f,-0.2768f,-0.9356f,0.0842f,0f,0f,0f,1f],start_interpolation: 0,interpolation_duration: 1}
$data merge entity $(bone_right_arm1) {transformation: [-0.8119f,0.3954f,0.4296f,-0.3146f,0.2055f,0.8822f,-0.4236f,1.5147f,-0.5465f,-0.2556f,-0.7975f,0.1004f,0f,0f,0f,1f],start_interpolation: 0,interpolation_duration: 1}
$data merge entity $(bone_left_arm1) {transformation: [-0.805f,-0.3531f,-0.4767f,0.3101f,-0.1365f,0.8923f,-0.4304f,1.507f,0.5773f,-0.2814f,-0.7665f,0.1073f,0f,0f,0f,1f],start_interpolation: 0,interpolation_duration: 1}
$data merge entity $(bone_body) {transformation: [-1f,0f,0f,0f,0f,0.9954f,-0.096f,0.9504f,0f,-0.096f,-0.9954f,0.1563f,0f,0f,0f,1f],start_interpolation: 0,interpolation_duration: 1}
$data merge entity $(bone_left_leg) {transformation: [-0.9992f,-0.0402f,-0.0033f,0.1265f,-0.0403f,0.998f,0.0493f,0.972f,0.0013f,0.0494f,-0.9988f,0.0975f,0f,0f,0f,1f],start_interpolation: 0,interpolation_duration: 1}
$data merge entity $(bone_right_leg) {transformation: [-0.9842f,0.0215f,0.1756f,-0.1415f,0.0285f,0.9989f,0.0377f,0.972f,-0.1746f,0.0421f,-0.9837f,0.0765f,0f,0f,0f,1f],start_interpolation: 0,interpolation_duration: 1}
$data merge entity $(bone_right_arm2) {transformation: [0f,0f,0f,-0.5625f,0f,0f,0f,1.4589f,0f,0f,0f,-0.0625f,0f,0f,0f,1f],start_interpolation: 0,interpolation_duration: 1}
$data merge entity $(bone_right_arm3) {transformation: [0f,0f,0f,-0.4375f,0f,0f,0f,1.2714f,0f,0f,0f,0.125f,0f,0f,0f,1f],start_interpolation: 0,interpolation_duration: 1}
$data merge entity $(bone_right_arm4) {transformation: [0f,0f,0f,-0.3125f,0f,0f,0f,1.7089f,0f,0f,0f,-0.125f,0f,0f,0f,1f],start_interpolation: 0,interpolation_duration: 1}
$data merge entity $(bone_left_arm2) {transformation: [0f,0f,0f,0.4375f,0f,0f,0f,1.3964f,0f,0f,0f,-0.125f,0f,0f,0f,1f],start_interpolation: 0,interpolation_duration: 1}
$data merge entity $(bone_left_arm3) {transformation: [0f,0f,0f,0.25f,0f,0f,0f,1.5214f,0f,0f,0f,0.125f,0f,0f,0f,1f],start_interpolation: 0,interpolation_duration: 1}
$data merge entity $(bone_left_arm4) {transformation: [0f,0f,0f,0.5f,0f,0f,0f,1.7714f,0f,0f,0f,-0.0625f,0f,0f,0f,1f],start_interpolation: 0,interpolation_duration: 1}
data modify entity @s data merge value {"cameras":{},"locators":{"right_arm":{"px":-0.6124514815512401,"py":0.9761056843828917,"pz":0.22599466358863995,"ry":28.30965236726442,"rx":-25.061855723107655},"left_arm":{"px":0.5811243738956313,"py":0.9578781726645618,"pz":0.2470970884179134,"ry":328.12049128271593,"rx":-25.489814567828457}}}