# This file was generated by Animated Java via MC-Build. It is not recommended to edit this file directly.
$data merge entity $(bone_head) {transformation: [-0.9701f,0.0436f,0.2387f,0f,-0.0205f,0.9655f,-0.2597f,1.6945f,-0.2417f,-0.2569f,-0.9357f,0.0928f,0f,0f,0f,1f],start_interpolation: 0,interpolation_duration: 1}
$data merge entity $(bone_right_arm1) {transformation: [-0.8553f,0.2845f,0.4331f,-0.3134f,0.1932f,0.9506f,-0.2429f,1.5095f,-0.4808f,-0.124f,-0.868f,0.1079f,0f,0f,0f,1f],start_interpolation: 0,interpolation_duration: 1}
$data merge entity $(bone_left_arm1) {transformation: [-0.8499f,-0.2194f,-0.4791f,0.3115f,-0.1122f,0.9637f,-0.2424f,1.5063f,0.5149f,-0.1523f,-0.8436f,0.1108f,0f,0f,0f,1f],start_interpolation: 0,interpolation_duration: 1}
$data merge entity $(bone_body) {transformation: [-1f,0f,0f,0f,0f,0.9964f,-0.0845f,0.9472f,0f,-0.0845f,-0.9964f,0.1563f,0f,0f,0f,1f],start_interpolation: 0,interpolation_duration: 1}
$data merge entity $(bone_left_leg) {transformation: [-0.9999f,-0.017f,-0.0009f,0.122f,-0.017f,0.9996f,0.0208f,0.9653f,0.0006f,0.0208f,-0.9998f,0.0845f,0f,0f,0f,1f],start_interpolation: 0,interpolation_duration: 1}
$data merge entity $(bone_right_leg) {transformation: [-0.9847f,0.0091f,0.1742f,-0.1374f,0.012f,0.9998f,0.0159f,0.9653f,-0.1741f,0.0178f,-0.9846f,0.0594f,0f,0f,0f,1f],start_interpolation: 0,interpolation_duration: 1}
$data merge entity $(bone_right_arm2) {transformation: [0f,0f,0f,-0.5625f,0f,0f,0f,1.4598f,0f,0f,0f,-0.0625f,0f,0f,0f,1f],start_interpolation: 0,interpolation_duration: 1}
$data merge entity $(bone_right_arm3) {transformation: [0f,0f,0f,-0.4375f,0f,0f,0f,1.2723f,0f,0f,0f,0.125f,0f,0f,0f,1f],start_interpolation: 0,interpolation_duration: 1}
$data merge entity $(bone_right_arm4) {transformation: [0f,0f,0f,-0.3125f,0f,0f,0f,1.7098f,0f,0f,0f,-0.125f,0f,0f,0f,1f],start_interpolation: 0,interpolation_duration: 1}
$data merge entity $(bone_left_arm2) {transformation: [0f,0f,0f,0.4375f,0f,0f,0f,1.3973f,0f,0f,0f,-0.125f,0f,0f,0f,1f],start_interpolation: 0,interpolation_duration: 1}
$data merge entity $(bone_left_arm3) {transformation: [0f,0f,0f,0.25f,0f,0f,0f,1.5223f,0f,0f,0f,0.125f,0f,0f,0f,1f],start_interpolation: 0,interpolation_duration: 1}
$data merge entity $(bone_left_arm4) {transformation: [0f,0f,0f,0.5f,0f,0f,0f,1.7723f,0f,0f,0f,-0.0625f,0f,0f,0f,1f],start_interpolation: 0,interpolation_duration: 1}
data modify entity @s data merge value {"cameras":{},"locators":{"right_arm":{"px":-0.5446173868030505,"py":0.9274324343267735,"pz":0.15541393062891928,"ry":26.51762548919305,"rx":-14.05545213674369},"left_arm":{"px":0.501769696236402,"py":0.9109737877717532,"pz":0.1738160257578575,"ry":330.4044968876111,"rx":-14.02951941301977}}}