# This file was generated by Animated Java via MC-Build. It is not recommended to edit this file directly.
$data merge entity $(bone_head) {transformation: [-0.9629f,0.0457f,0.266f,0f,-0.019f,0.9716f,-0.2359f,1.6786f,-0.2692f,-0.2322f,-0.9347f,0.1034f,0f,0f,0f,1f],start_interpolation: 0,interpolation_duration: 1}
$data merge entity $(bone_right_arm1) {transformation: [-0.9017f,0.1613f,0.4012f,-0.3119f,0.1707f,0.9852f,-0.0125f,1.4903f,-0.3973f,0.0572f,-0.9159f,0.1171f,0f,0f,0f,1f],start_interpolation: 0,interpolation_duration: 1}
$data merge entity $(bone_left_arm1) {transformation: [-0.897f,-0.0687f,-0.4366f,0.3132f,-0.0742f,0.9972f,-0.0044f,1.4925f,0.4357f,0.0285f,-0.8997f,0.1152f,0f,0f,0f,1f],start_interpolation: 0,interpolation_duration: 1}
$data merge entity $(bone_body) {transformation: [-1f,0f,0f,0f,0f,0.9975f,-0.0705f,0.9304f,0f,-0.0705f,-0.9975f,0.1563f,0f,0f,0f,1f],start_interpolation: 0,interpolation_duration: 1}
$data merge entity $(bone_left_leg) {transformation: [-0.9999f,0.0117f,0.0002f,0.1165f,0.0116f,0.9998f,-0.0143f,0.9444f,-0.0004f,-0.0143f,-0.9999f,0.0685f,0f,0f,0f,1f],start_interpolation: 0,interpolation_duration: 1}
$data merge entity $(bone_right_leg) {transformation: [-0.9848f,-0.0062f,0.1734f,-0.1323f,-0.0082f,0.9999f,-0.0109f,0.9444f,-0.1734f,-0.0122f,-0.9848f,0.0383f,0f,0f,0f,1f],start_interpolation: 0,interpolation_duration: 1}
$data merge entity $(bone_right_arm2) {transformation: [0f,0f,0f,-0.5625f,0f,0f,0f,1.4481f,0f,0f,0f,-0.0625f,0f,0f,0f,1f],start_interpolation: 0,interpolation_duration: 1}
$data merge entity $(bone_right_arm3) {transformation: [0f,0f,0f,-0.4375f,0f,0f,0f,1.2606f,0f,0f,0f,0.125f,0f,0f,0f,1f],start_interpolation: 0,interpolation_duration: 1}
$data merge entity $(bone_right_arm4) {transformation: [0f,0f,0f,-0.3125f,0f,0f,0f,1.6981f,0f,0f,0f,-0.125f,0f,0f,0f,1f],start_interpolation: 0,interpolation_duration: 1}
$data merge entity $(bone_left_arm2) {transformation: [0f,0f,0f,0.4375f,0f,0f,0f,1.3856f,0f,0f,0f,-0.125f,0f,0f,0f,1f],start_interpolation: 0,interpolation_duration: 1}
$data merge entity $(bone_left_arm3) {transformation: [0f,0f,0f,0.25f,0f,0f,0f,1.5106f,0f,0f,0f,0.125f,0f,0f,0f,1f],start_interpolation: 0,interpolation_duration: 1}
$data merge entity $(bone_left_arm4) {transformation: [0f,0f,0f,0.5f,0f,0f,0f,1.7606f,0f,0f,0f,-0.0625f,0f,0f,0f,1f],start_interpolation: 0,interpolation_duration: 1}
data modify entity @s data merge value {"cameras":{},"locators":{"right_arm":{"px":-0.46909350621379153,"py":0.8851864638614976,"pz":0.05655050859045477,"ry":23.653749119483876,"rx":-0.7189688535263312},"left_arm":{"px":0.41217141579115113,"py":0.873915321431771,"pz":0.07013381208354745,"ry":334.1140509039709,"rx":-0.2501113578768261}}}