# This file was generated by Animated Java via MC-Build. It is not recommended to edit this file directly.
$data merge entity $(bone_head) {transformation: [-0.9612f,0.0461f,0.2719f,0f,-0.0186f,0.9728f,-0.2308f,1.6639f,-0.2751f,-0.2269f,-0.9342f,0.1057f,0f,0f,0f,1f],start_interpolation: 0,interpolation_duration: 1}
$data merge entity $(bone_right_arm1) {transformation: [-0.9106f,0.1376f,0.3896f,-0.3116f,0.1649f,0.9856f,0.0373f,1.4749f,-0.3789f,0.0982f,-0.9202f,0.1191f,0f,0f,0f,1f],start_interpolation: 0,interpolation_duration: 1}
$data merge entity $(bone_left_arm1) {transformation: [-0.906f,-0.0393f,-0.4214f,0.3136f,-0.0649f,0.9968f,0.0468f,1.4783f,0.4182f,0.0697f,-0.9057f,0.1161f,0f,0f,0f,1f],start_interpolation: 0,interpolation_duration: 1}
$data merge entity $(bone_body) {transformation: [-1f,0f,0f,0f,0f,0.9977f,-0.0674f,0.9156f,0f,-0.0674f,-0.9977f,0.1563f,0f,0f,0f,1f],start_interpolation: 0,interpolation_duration: 1}
$data merge entity $(bone_left_leg) {transformation: [-0.9998f,0.0178f,0.0002f,0.1153f,0.0178f,0.9996f,-0.0219f,0.9286f,-0.0006f,-0.0219f,-0.9998f,0.065f,0f,0f,0f,1f],start_interpolation: 0,interpolation_duration: 1}
$data merge entity $(bone_right_leg) {transformation: [-0.9848f,-0.0095f,0.1734f,-0.1312f,-0.0126f,0.9998f,-0.0167f,0.9286f,-0.1732f,-0.0186f,-0.9847f,0.0338f,0f,0f,0f,1f],start_interpolation: 0,interpolation_duration: 1}
$data merge entity $(bone_right_arm2) {transformation: [0f,0f,0f,-0.5625f,0f,0f,0f,1.4344f,0f,0f,0f,-0.0625f,0f,0f,0f,1f],start_interpolation: 0,interpolation_duration: 1}
$data merge entity $(bone_right_arm3) {transformation: [0f,0f,0f,-0.4375f,0f,0f,0f,1.2469f,0f,0f,0f,0.125f,0f,0f,0f,1f],start_interpolation: 0,interpolation_duration: 1}
$data merge entity $(bone_right_arm4) {transformation: [0f,0f,0f,-0.3125f,0f,0f,0f,1.6844f,0f,0f,0f,-0.125f,0f,0f,0f,1f],start_interpolation: 0,interpolation_duration: 1}
$data merge entity $(bone_left_arm2) {transformation: [0f,0f,0f,0.4375f,0f,0f,0f,1.3719f,0f,0f,0f,-0.125f,0f,0f,0f,1f],start_interpolation: 0,interpolation_duration: 1}
$data merge entity $(bone_left_arm3) {transformation: [0f,0f,0f,0.25f,0f,0f,0f,1.4969f,0f,0f,0f,0.125f,0f,0f,0f,1f],start_interpolation: 0,interpolation_duration: 1}
$data merge entity $(bone_left_arm4) {transformation: [0f,0f,0f,0.5f,0f,0f,0f,1.7469f,0f,0f,0f,-0.0625f,0f,0f,0f,1f],start_interpolation: 0,interpolation_duration: 1}
data modify entity @s data merge value {"cameras":{},"locators":{"right_arm":{"px":-0.4544909784813806,"py":0.8691785887207438,"pz":0.03405795040466314,"ry":22.947082699725485,"rx":2.13501225778975},"left_arm":{"px":0.3947172327311843,"py":0.8594080474950254,"pz":0.04639517851069963,"ry":335.0475683439895,"rx":2.6800127725290874}}}