# This file was generated by Animated Java via MC-Build. It is not recommended to edit this file directly.
$data merge entity $(bone_head) {transformation: [-0.9607f,0.0462f,0.2736f,0f,-0.0185f,0.9732f,-0.2293f,1.6438f,-0.2769f,-0.2253f,-0.9341f,0.1064f,0f,0f,0f,1f],start_interpolation: 0,interpolation_duration: 1}
$data merge entity $(bone_right_arm1) {transformation: [-0.9132f,0.1308f,0.3859f,-0.3115f,0.1631f,0.9852f,0.0518f,1.4546f,-0.3734f,0.1103f,-0.9211f,0.1197f,0f,0f,0f,1f],start_interpolation: 0,interpolation_duration: 1}
$data merge entity $(bone_left_arm1) {transformation: [-0.9086f,-0.0309f,-0.4166f,0.3137f,-0.0621f,0.9962f,0.0617f,1.4584f,0.4131f,0.082f,-0.907f,0.1164f,0f,0f,0f,1f],start_interpolation: 0,interpolation_duration: 1}
$data merge entity $(bone_body) {transformation: [-1f,0f,0f,0f,0f,0.9978f,-0.0665f,0.8954f,0f,-0.0665f,-0.9978f,0.1563f,0f,0f,0f,1f],start_interpolation: 0,interpolation_duration: 1}
$data merge entity $(bone_left_leg) {transformation: [-0.9998f,0.0197f,0.0002f,0.115f,0.0197f,0.9995f,-0.0241f,0.9082f,-0.0006f,-0.0241f,-0.9997f,0.064f,0f,0f,0f,1f],start_interpolation: 0,interpolation_duration: 1}
$data merge entity $(bone_right_leg) {transformation: [-0.9848f,-0.0105f,0.1734f,-0.1309f,-0.0139f,0.9997f,-0.0184f,0.9082f,-0.1732f,-0.0205f,-0.9847f,0.0324f,0f,0f,0f,1f],start_interpolation: 0,interpolation_duration: 1}
$data merge entity $(bone_right_arm2) {transformation: [0f,0f,0f,-0.5625f,0f,0f,0f,1.4145f,0f,0f,0f,-0.0625f,0f,0f,0f,1f],start_interpolation: 0,interpolation_duration: 1}
$data merge entity $(bone_right_arm3) {transformation: [0f,0f,0f,-0.4375f,0f,0f,0f,1.227f,0f,0f,0f,0.125f,0f,0f,0f,1f],start_interpolation: 0,interpolation_duration: 1}
$data merge entity $(bone_right_arm4) {transformation: [0f,0f,0f,-0.3125f,0f,0f,0f,1.6645f,0f,0f,0f,-0.125f,0f,0f,0f,1f],start_interpolation: 0,interpolation_duration: 1}
$data merge entity $(bone_left_arm2) {transformation: [0f,0f,0f,0.4375f,0f,0f,0f,1.352f,0f,0f,0f,-0.125f,0f,0f,0f,1f],start_interpolation: 0,interpolation_duration: 1}
$data merge entity $(bone_left_arm3) {transformation: [0f,0f,0f,0.25f,0f,0f,0f,1.477f,0f,0f,0f,0.125f,0f,0f,0f,1f],start_interpolation: 0,interpolation_duration: 1}
$data merge entity $(bone_left_arm4) {transformation: [0f,0f,0f,0.5f,0f,0f,0f,1.727f,0f,0f,0f,-0.0625f,0f,0f,0f,1f],start_interpolation: 0,interpolation_duration: 1}
data modify entity @s data merge value {"cameras":{},"locators":{"right_arm":{"px":-0.450336433780364,"py":0.848963425683671,"pz":0.027398284916948512,"ry":22.733440148829544,"rx":2.9720186854091626},"left_arm":{"px":0.3897428759356231,"py":0.8396561917904423,"pz":0.03935650971454735,"ry":335.3319218193702,"rx":3.5380247655476413}}}