# This file was generated by Animated Java via MC-Build. It is not recommended to edit this file directly.
$data merge entity $(bone_head) {transformation: [-0.9611f,0.0462f,0.2722f,0f,-0.0186f,0.9729f,-0.2305f,1.6175f,-0.2755f,-0.2266f,-0.9342f,0.1058f,0f,0f,0f,1f],start_interpolation: 0,interpolation_duration: 1}
$data merge entity $(bone_right_arm1) {transformation: [-0.9112f,0.1362f,0.3889f,-0.3116f,0.1645f,0.9856f,0.0402f,1.4284f,-0.3778f,0.1006f,-0.9204f,0.1192f,0f,0f,0f,1f],start_interpolation: 0,interpolation_duration: 1}
$data merge entity $(bone_left_arm1) {transformation: [-0.9065f,-0.0376f,-0.4204f,0.3136f,-0.0644f,0.9967f,0.0497f,1.4319f,0.4172f,0.0722f,-0.906f,0.1162f,0f,0f,0f,1f],start_interpolation: 0,interpolation_duration: 1}
$data merge entity $(bone_body) {transformation: [-1f,0f,0f,0f,0f,0.9977f,-0.0672f,0.8692f,0f,-0.0672f,-0.9977f,0.1563f,0f,0f,0f,1f],start_interpolation: 0,interpolation_duration: 1}
$data merge entity $(bone_left_leg) {transformation: [-0.9998f,0.0182f,0.0002f,0.1152f,0.0182f,0.9996f,-0.0223f,0.8821f,-0.0006f,-0.0223f,-0.9998f,0.0648f,0f,0f,0f,1f],start_interpolation: 0,interpolation_duration: 1}
$data merge entity $(bone_right_leg) {transformation: [-0.9848f,-0.0097f,0.1734f,-0.1312f,-0.0129f,0.9998f,-0.0171f,0.8821f,-0.1732f,-0.019f,-0.9847f,0.0335f,0f,0f,0f,1f],start_interpolation: 0,interpolation_duration: 1}
$data merge entity $(bone_right_arm2) {transformation: [0f,0f,0f,-0.5625f,0f,0f,0f,1.388f,0f,0f,0f,-0.0625f,0f,0f,0f,1f],start_interpolation: 0,interpolation_duration: 1}
$data merge entity $(bone_right_arm3) {transformation: [0f,0f,0f,-0.4375f,0f,0f,0f,1.2005f,0f,0f,0f,0.125f,0f,0f,0f,1f],start_interpolation: 0,interpolation_duration: 1}
$data merge entity $(bone_right_arm4) {transformation: [0f,0f,0f,-0.3125f,0f,0f,0f,1.638f,0f,0f,0f,-0.125f,0f,0f,0f,1f],start_interpolation: 0,interpolation_duration: 1}
$data merge entity $(bone_left_arm2) {transformation: [0f,0f,0f,0.4375f,0f,0f,0f,1.3255f,0f,0f,0f,-0.125f,0f,0f,0f,1f],start_interpolation: 0,interpolation_duration: 1}
$data merge entity $(bone_left_arm3) {transformation: [0f,0f,0f,0.25f,0f,0f,0f,1.4505f,0f,0f,0f,0.125f,0f,0f,0f,1f],start_interpolation: 0,interpolation_duration: 1}
$data merge entity $(bone_left_arm4) {transformation: [0f,0f,0f,0.5f,0f,0f,0f,1.7005f,0f,0f,0f,-0.0625f,0f,0f,0f,1f],start_interpolation: 0,interpolation_duration: 1}
data modify entity @s data merge value {"cameras":{},"locators":{"right_arm":{"px":-0.453656850876222,"py":0.8227227183575444,"pz":0.03273395802662883,"ry":22.904769516649964,"rx":2.3018029285367705},"left_arm":{"px":0.3937143756711866,"py":0.8130433484489213,"pz":0.0449972573376982,"ry":335.1052606056726,"rx":2.851358261173955}}}