# This file was generated by Animated Java via MC-Build. It is not recommended to edit this file directly.
$data merge entity $(bone_head) {transformation: [-0.9621f,0.0459f,0.2688f,0f,-0.0188f,0.9722f,-0.2335f,1.5842f,-0.272f,-0.2297f,-0.9345f,0.1045f,0f,0f,0f,1f],start_interpolation: 0,interpolation_duration: 1}
$data merge entity $(bone_right_arm1) {transformation: [-0.9059f,0.15f,0.3959f,-0.3117f,0.168f,0.9857f,0.0109f,1.3956f,-0.3886f,0.0764f,-0.9182f,0.118f,0f,0f,0f,1f],start_interpolation: 0,interpolation_duration: 1}
$data merge entity $(bone_left_arm1) {transformation: [-0.9013f,-0.0547f,-0.4296f,0.3134f,-0.0699f,0.9974f,0.0197f,1.3984f,0.4274f,0.0478f,-0.9028f,0.1156f,0f,0f,0f,1f],start_interpolation: 0,interpolation_duration: 1}
$data merge entity $(bone_body) {transformation: [-1f,0f,0f,0f,0f,0.9976f,-0.069f,0.836f,0f,-0.069f,-0.9976f,0.1563f,0f,0f,0f,1f],start_interpolation: 0,interpolation_duration: 1}
$data merge entity $(bone_left_leg) {transformation: [-0.9999f,0.0146f,0.0002f,0.1159f,0.0146f,0.9997f,-0.0178f,0.8495f,-0.0005f,-0.0178f,-0.9998f,0.0669f,0f,0f,0f,1f],start_interpolation: 0,interpolation_duration: 1}
$data merge entity $(bone_right_leg) {transformation: [-0.9848f,-0.0078f,0.1734f,-0.1318f,-0.0103f,0.9999f,-0.0136f,0.8495f,-0.1733f,-0.0152f,-0.9848f,0.0362f,0f,0f,0f,1f],start_interpolation: 0,interpolation_duration: 1}
$data merge entity $(bone_right_arm2) {transformation: [0f,0f,0f,-0.5625f,0f,0f,0f,1.3542f,0f,0f,0f,-0.0625f,0f,0f,0f,1f],start_interpolation: 0,interpolation_duration: 1}
$data merge entity $(bone_right_arm3) {transformation: [0f,0f,0f,-0.4375f,0f,0f,0f,1.1667f,0f,0f,0f,0.125f,0f,0f,0f,1f],start_interpolation: 0,interpolation_duration: 1}
$data merge entity $(bone_right_arm4) {transformation: [0f,0f,0f,-0.3125f,0f,0f,0f,1.6042f,0f,0f,0f,-0.125f,0f,0f,0f,1f],start_interpolation: 0,interpolation_duration: 1}
$data merge entity $(bone_left_arm2) {transformation: [0f,0f,0f,0.4375f,0f,0f,0f,1.2917f,0f,0f,0f,-0.125f,0f,0f,0f,1f],start_interpolation: 0,interpolation_duration: 1}
$data merge entity $(bone_left_arm3) {transformation: [0f,0f,0f,0.25f,0f,0f,0f,1.4167f,0f,0f,0f,0.125f,0f,0f,0f,1f],start_interpolation: 0,interpolation_duration: 1}
$data merge entity $(bone_left_arm4) {transformation: [0f,0f,0f,0.5f,0f,0f,0f,1.6667f,0f,0f,0f,-0.0625f,0f,0f,0f,1f],start_interpolation: 0,interpolation_duration: 1}
data modify entity @s data merge value {"cameras":{},"locators":{"right_arm":{"px":-0.4621364332619302,"py":0.7899976832023017,"pz":0.046011490177990444,"ry":23.325427356278595,"rx":0.624118422540298},"left_arm":{"px":0.403851395700804,"py":0.7794162471812173,"pz":0.05901996927971885,"ry":334.54953989202977,"rx":1.1303759337402437}}}