# This file was generated by Animated Java via MC-Build. It is not recommended to edit this file directly.
$data merge entity $(bone_head) {transformation: [-0.9634f,0.0456f,0.2643f,0f,-0.0191f,0.9712f,-0.2375f,1.5432f,-0.2675f,-0.2338f,-0.9348f,0.1027f,0f,0f,0f,1f],start_interpolation: 0,interpolation_duration: 1}
$data merge entity $(bone_right_arm1) {transformation: [-0.899f,0.1686f,0.4043f,-0.312f,0.1724f,0.9847f,-0.0273f,1.3551f,-0.4027f,0.0452f,-0.9142f,0.1165f,0f,0f,0f,1f],start_interpolation: 0,interpolation_duration: 1}
$data merge entity $(bone_left_arm1) {transformation: [-0.8943f,-0.0776f,-0.4406f,0.3131f,-0.0769f,0.9969f,-0.0195f,1.357f,0.4407f,0.0164f,-0.8975f,0.1149f,0f,0f,0f,1f],start_interpolation: 0,interpolation_duration: 1}
$data merge entity $(bone_body) {transformation: [-1f,0f,0f,0f,0f,0.9975f,-0.0714f,0.7951f,0f,-0.0714f,-0.9975f,0.1563f,0f,0f,0f,1f],start_interpolation: 0,interpolation_duration: 1}
$data merge entity $(bone_left_leg) {transformation: [-1f,0.0098f,0.0002f,0.1169f,0.0098f,0.9999f,-0.012f,0.8093f,-0.0003f,-0.012f,-0.9999f,0.0695f,0f,0f,0f,1f],start_interpolation: 0,interpolation_duration: 1}
$data merge entity $(bone_right_leg) {transformation: [-0.9848f,-0.0053f,0.1735f,-0.1326f,-0.007f,0.9999f,-0.0092f,0.8093f,-0.1734f,-0.0103f,-0.9848f,0.0397f,0f,0f,0f,1f],start_interpolation: 0,interpolation_duration: 1}
$data merge entity $(bone_right_arm2) {transformation: [0f,0f,0f,-0.5625f,0f,0f,0f,1.3125f,0f,0f,0f,-0.0625f,0f,0f,0f,1f],start_interpolation: 0,interpolation_duration: 1}
$data merge entity $(bone_right_arm3) {transformation: [0f,0f,0f,-0.4375f,0f,0f,0f,1.125f,0f,0f,0f,0.125f,0f,0f,0f,1f],start_interpolation: 0,interpolation_duration: 1}
$data merge entity $(bone_right_arm4) {transformation: [0f,0f,0f,-0.3125f,0f,0f,0f,1.5625f,0f,0f,0f,-0.125f,0f,0f,0f,1f],start_interpolation: 0,interpolation_duration: 1}
$data merge entity $(bone_left_arm2) {transformation: [0f,0f,0f,0.4375f,0f,0f,0f,1.25f,0f,0f,0f,-0.125f,0f,0f,0f,1f],start_interpolation: 0,interpolation_duration: 1}
$data merge entity $(bone_left_arm3) {transformation: [0f,0f,0f,0.25f,0f,0f,0f,1.375f,0f,0f,0f,0.125f,0f,0f,0f,1f],start_interpolation: 0,interpolation_duration: 1}
$data merge entity $(bone_left_arm4) {transformation: [0f,0f,0f,0.5f,0f,0f,0f,1.625f,0f,0f,0f,-0.0625f,0f,0f,0f,1f],start_interpolation: 0,interpolation_duration: 1}
data modify entity @s data merge value {"cameras":{},"locators":{"right_arm":{"px":-0.4735285265722584,"py":0.750508244614592,"pz":0.06312921097568686,"ry":23.85629461075831,"rx":-1.5624111705799217},"left_arm":{"px":0.4174504093883286,"py":0.7388163396259034,"pz":0.07707048553056489,"ry":333.8518892110094,"rx":-1.1164721419398937}}}